# <# turns> <side> <weapon> <width> <height> <cure period>
192 1 1 15 15 20
# Home positions
14 9
14 0
5 0
0 5
0 14
9 14
# Ranks and scores of samurai
1 100
2 98
3 80
4 70
5 60
6 20
# Turn information for samurai of side 1 with weapon 1
# <turn>
2
# <cure period>
0
# Samurai states: <position x> <position y> <hiding>
14 9 0
14 0 0
5 0 0
-1 -1 1
-1 -1 1
-1 -1 1
# Battle field states
 8 8 8 8 8 8 8 8 8 8 8 8 8 8 8
 9 8 8 8 8 8 8 8 8 8 8 8 8 8 8
 9 9 8 8 8 8 8 8 8 9 9 8 8 8 8
 9 9 9 8 8 8 8 8 9 9 9 9 8 8 8
 9 9 9 9 8 8 8 9 9 9 9 9 9 8 8
 9 9 9 9 9 8 9 9 9 9 9 9 9 8 8
 9 9 9 9 9 9 9 9 9 9 9 9 8 8 8
 9 9 9 9 9 9 9 9 9 9 9 8 8 8 8
 9 9 9 9 9 9 9 9 9 9 8 8 8 8 8
 9 9 9 9 9 9 9 9 9 8 8 8 8 8 8
 9 9 9 9 9 9 9 9 9 9 8 8 8 8 0
 9 9 9 9 9 9 9 9 9 9 9 8 8 8 0
 9 9 9 9 9 9 9 9 9 9 9 9 8 8 0
 9 9 9 9 9 9 9 9 9 9 9 9 9 8 0
 9 9 9 9 9 9 9 9 9 9 9 9 9 9 8
# Turn information for samurai of side 1 with weapon 1
# <turn>
9
# <cure period>
0
# Samurai states: <position x> <position y> <hiding>
14 10 1
14 0 0
5 1 0
0 1 0
-1 -1 1
-1 -1 1
# Battle field states
 9 8 8 8 2 8 2 8 8 8 8 8 1 1 8
 8 8 8 8 2 8 2 8 8 8 8 8 8 1 1
 9 8 8 8 2 2 2 8 8 8 9 8 8 8 1
 9 9 8 8 8 8 8 8 8 9 9 9 8 8 8
 9 9 9 8 8 8 8 8 9 9 9 9 9 8 8
 9 9 9 9 8 8 8 9 9 9 9 9 9 9 0
 9 9 9 9 9 8 9 9 9 9 9 9 9 8 0
 9 9 9 9 9 9 9 9 9 9 9 9 8 8 0
 9 9 9 9 9 9 9 9 9 9 9 8 8 8 0
 9 9 9 9 9 9 9 9 9 9 8 8 8 8 8
 9 9 9 9 9 9 9 9 9 8 8 8 8 8 0
 9 9 9 9 9 9 9 9 9 9 8 8 8 8 0
 9 9 9 9 9 9 9 9 9 9 9 8 8 8 0
 9 9 9 9 9 9 9 9 9 9 9 9 8 8 0
 9 9 9 9 9 9 9 9 9 9 9 9 9 8 8
# Turn information for samurai of side 1 with weapon 1
# <turn>
14
# <cure period>
0
# Samurai states: <position x> <position y> <hiding>
14 10 1
14 1 1
5 2 1
-1 -1 1
-1 -1 1
13 14 0
# Battle field states
 9 9 8 8 2 8 2 8 8 9 8 8 1 1 8
 9 8 8 8 2 2 2 8 8 8 8 8 1 1 1
 8 8 8 8 2 2 2 8 8 8 8 8 8 1 1
 9 8 8 8 2 2 2 8 8 8 9 8 8 8 1
 9 9 8 8 8 8 8 8 8 9 9 9 8 8 8
 9 9 9 8 8 8 8 8 9 9 9 9 9 8 0
 9 9 9 9 8 8 8 9 9 9 9 9 9 8 0
 9 9 9 9 9 8 9 9 9 9 9 9 8 8 0
 9 9 9 9 9 9 9 9 9 9 9 8 8 8 0
 9 9 9 9 9 9 9 9 9 9 8 8 8 8 8
 9 9 9 9 9 9 9 9 9 8 0 0 0 0 0
 9 9 9 9 9 9 9 9 9 9 8 8 8 8 0
 9 9 9 9 9 9 9 9 9 9 9 8 8 8 0
 9 9 9 9 9 9 9 9 9 9 9 9 5 5 5
 9 9 9 9 9 9 9 9 9 9 9 9 9 8 5
# Turn information for samurai of side 1 with weapon 1
# <turn>
21
# <cure period>
0
# Samurai states: <position x> <position y> <hiding>
14 11 0
14 2 0
5 3 0
-1 -1 1
-1 -1 1
-1 -1 1
# Battle field states
 9 9 9 8 2 8 2 8 9 9 9 8 1 1 8
 9 9 8 8 2 2 2 8 8 9 8 8 1 1 1
 9 8 8 8 2 2 2 8 8 8 8 8 1 1 1
 8 8 8 8 2 2 2 8 8 8 8 8 8 1 1
 9 8 8 8 2 2 2 8 8 8 9 8 8 8 1
 9 9 8 8 8 8 8 8 8 9 9 9 8 8 0
 9 9 9 8 8 8 8 8 9 9 9 9 9 8 0
 9 9 9 9 8 8 8 9 9 9 9 9 9 8 0
 9 9 9 9 9 8 9 9 9 9 9 9 8 8 0
 9 9 9 9 9 9 9 9 9 9 9 8 8 8 8
 9 9 9 9 9 9 9 9 9 9 0 0 0 0 0
 9 9 9 9 9 9 9 9 9 8 0 0 0 0 0
 9 9 9 9 9 9 9 9 9 9 8 8 8 8 0
 9 9 9 9 9 9 9 9 9 9 9 8 5 5 5
 9 9 9 9 9 9 9 9 9 9 9 9 5 8 5
# Turn information for samurai of side 1 with weapon 1
# <turn>
26
# <cure period>
0
# Samurai states: <position x> <position y> <hiding>
14 12 1
13 2 1
5 4 1
-1 -1 1
-1 -1 1
-1 -1 1
# Battle field states
 9 9 9 9 2 8 2 9 9 9 8 8 1 1 8
 9 9 9 8 2 2 2 8 9 8 8 8 1 1 1
 9 9 8 8 2 2 2 8 8 8 8 1 1 1 1
 9 8 8 8 2 2 2 8 8 8 8 8 1 1 1
 8 8 8 8 2 2 2 8 8 8 8 8 8 1 1
 9 8 8 8 2 2 2 8 8 8 9 8 8 8 0
 9 9 8 8 8 8 8 8 8 9 9 9 8 8 0
 9 9 9 8 8 8 8 8 9 9 9 9 9 8 0
 9 9 9 9 8 8 8 9 9 9 9 9 9 8 0
 9 9 9 9 9 8 9 9 9 9 9 9 8 8 8
 9 9 9 9 9 9 9 9 9 9 9 0 0 0 0
 9 9 9 9 9 9 9 9 9 9 0 0 0 0 0
 9 9 9 9 9 9 9 9 9 8 0 0 0 0 0
 9 9 9 9 9 9 9 9 9 9 8 8 5 5 5
 9 9 9 9 9 9 9 9 9 9 9 8 5 8 5
# Turn information for samurai of side 1 with weapon 1
# <turn>
33
# <cure period>
0
# Samurai states: <position x> <position y> <hiding>
14 9 0
13 3 0
5 5 0
-1 -1 1
7 7 0
14 14 0
# Battle field states
 9 9 9 9 9 8 9 9 9 9 9 8 1 1 8
 9 9 9 9 2 2 2 9 9 9 8 8 1 1 1
 9 9 9 8 2 2 2 8 9 8 8 1 1 1 1
 9 9 8 8 2 2 2 8 8 8 8 1 1 1 1
 9 8 8 8 2 2 2 8 8 8 8 8 1 1 1
 8 8 8 8 2 2 2 4 8 8 8 8 8 1 0
 9 8 8 8 2 2 4 4 8 8 9 8 8 8 0
 9 9 8 8 8 4 4 8 8 9 9 8 8 8 0
 9 9 9 8 8 8 8 8 9 9 8 8 8 8 0
 9 9 9 9 8 8 8 9 9 8 8 8 8 8 8
 9 9 9 9 9 8 9 9 9 9 0 0 0 0 0
 9 9 9 9 9 9 9 9 9 9 9 0 0 0 0
 9 9 9 9 9 9 9 9 9 9 9 9 0 5 5
 9 9 9 9 9 9 9 9 9 9 9 9 9 5 5
 9 9 9 9 9 9 9 9 9 9 9 9 9 9 5
# Turn information for samurai of side 1 with weapon 1
# <turn>
38
# <cure period>
0
# Samurai states: <position x> <position y> <hiding>
14 9 0
13 4 1
5 6 1
-1 -1 1
7 7 0
-1 -1 1
# Battle field states
 9 9 9 9 9 9 9 9 9 9 9 9 1 1 8
 9 9 9 9 9 2 9 9 9 9 9 8 1 1 1
 9 9 9 9 2 2 2 9 9 9 8 1 1 1 1
 9 9 9 8 2 2 2 8 9 8 8 1 1 1 1
 9 9 8 8 2 2 2 8 8 8 8 1 1 1 1
 9 8 8 8 2 2 2 4 8 8 8 8 1 1 0
 8 8 8 8 2 2 2 4 8 8 8 8 8 1 0
 9 8 8 8 2 2 2 8 8 8 9 8 8 8 0
 9 9 8 8 8 8 8 8 4 9 8 8 8 8 0
 9 9 9 8 8 8 8 4 9 8 8 8 8 8 8
 9 9 9 9 8 8 8 9 9 9 0 0 0 0 0
 9 9 9 9 9 8 9 9 9 9 9 0 0 0 0
 9 9 9 9 9 9 9 9 9 9 9 9 0 5 5
 9 9 9 9 9 9 9 9 9 9 9 9 9 5 5
 9 9 9 9 9 9 9 9 9 9 9 9 9 9 5
# Turn information for samurai of side 1 with weapon 1
# <turn>
45
# <cure period>
0
# Samurai states: <position x> <position y> <hiding>
14 9 0
13 5 0
5 0 0
1 0 0
-1 -1 1
-1 -1 1
# Battle field states
 8 8 8 8 2 8 2 8 8 8 8 9 9 1 9
 9 8 8 8 2 2 2 8 8 8 9 9 1 1 1
 9 9 8 8 2 2 2 8 8 9 9 1 1 1 1
 9 9 9 8 2 2 2 8 9 9 8 1 1 1 1
 9 9 9 9 2 2 2 9 9 8 8 1 1 1 1
 9 9 9 9 9 2 9 9 8 8 8 1 1 1 0
 9 9 9 9 9 9 9 9 9 4 8 8 1 1 0
 9 9 9 9 9 9 9 9 9 9 8 8 8 1 0
 9 9 9 9 9 9 9 9 9 9 8 8 8 8 0
 9 9 9 9 9 9 9 9 9 8 8 8 8 8 8
 9 9 9 9 9 9 9 9 9 9 0 0 0 0 0
 9 9 9 9 9 9 9 9 9 9 9 0 0 0 0
 9 9 9 9 9 9 9 9 9 9 9 9 0 5 5
 9 9 9 9 9 9 9 9 9 9 9 9 9 5 5
 9 9 9 9 9 9 9 9 9 9 9 9 9 9 5
# Turn information for samurai of side 1 with weapon 1
# <turn>
50
# <cure period>
0
# Samurai states: <position x> <position y> <hiding>
14 10 1
13 6 1
5 0 0
0 0 0
-1 -1 1
-1 -1 1
# Battle field states
 8 8 8 8 2 8 2 8 8 8 8 9 9 9 9
 9 8 8 8 2 2 2 8 8 8 9 9 9 1 9
 9 9 8 8 2 2 2 8 8 9 9 9 1 1 1
 9 9 9 8 2 2 2 8 9 9 9 1 1 1 1
 9 9 9 9 2 2 2 9 9 9 8 1 1 1 1
 9 9 9 9 9 2 9 9 9 8 8 1 1 1 0
 9 9 9 9 9 9 9 9 4 4 8 1 1 1 0
 9 9 9 9 9 9 9 9 9 8 8 8 1 1 0
 9 9 9 9 9 9 9 9 9 9 8 8 8 1 0
 9 9 9 9 9 9 9 9 9 9 0 0 0 0 8
 9 9 9 9 9 9 9 9 9 8 0 0 0 0 0
 9 9 9 9 9 9 9 9 9 9 0 0 0 0 0
 9 9 9 9 9 9 9 9 9 9 9 0 0 5 5
 9 9 9 9 9 9 9 9 9 9 9 9 5 5 5
 9 9 9 9 9 9 9 9 9 9 9 9 9 5 5
# Turn information for samurai of side 1 with weapon 1
# <turn>
57
# <cure period>
0
# Samurai states: <position x> <position y> <hiding>
14 10 1
12 6 0
5 0 0
-1 -1 1
-1 -1 1
-1 -1 1
# Battle field states
 8 8 8 8 2 8 2 8 8 8 8 9 9 9 9
 9 8 8 8 2 2 2 8 8 8 9 9 1 9 9
 9 9 8 8 2 2 2 8 8 9 9 1 1 1 9
 9 9 9 8 2 2 2 8 9 9 8 1 1 1 1
 9 9 9 9 2 2 2 9 9 8 8 1 1 1 1
 9 9 9 9 9 2 9 9 8 8 8 1 1 1 0
 9 9 9 9 9 9 9 4 4 4 1 1 1 1 0
 9 9 9 9 9 9 9 9 4 8 8 1 1 1 0
 9 9 9 9 9 9 9 9 9 4 8 8 1 1 0
 9 9 9 9 9 9 9 9 9 9 0 0 0 0 8
 9 9 9 9 9 9 9 9 9 8 0 0 0 0 0
 9 9 9 9 9 9 9 9 9 9 0 0 0 0 0
 9 9 9 9 9 9 9 9 9 9 9 0 0 5 0
 9 9 9 9 9 9 9 9 9 9 9 9 5 5 0
 9 9 9 9 9 9 9 9 9 9 9 9 9 5 0
# Turn information for samurai of side 1 with weapon 1
# <turn>
62
# <cure period>
0
# Samurai states: <position x> <position y> <hiding>
13 10 0
11 6 1
5 0 0
0 0 0
-1 -1 1
-1 -1 1
# Battle field states
 8 8 8 8 2 8 2 8 8 8 8 9 9 9 9
 9 8 8 8 2 2 2 8 8 8 9 8 9 9 9
 9 9 8 8 2 2 2 8 8 9 8 1 1 9 9
 9 9 9 8 2 2 2 8 9 8 8 1 1 1 9
 9 9 9 9 2 2 2 9 8 8 8 1 1 1 1
 9 9 9 9 9 2 9 4 8 8 8 1 1 1 0
 9 9 9 9 9 9 4 4 4 1 1 1 1 1 0
 9 9 9 9 9 9 9 4 4 8 1 1 1 1 0
 9 9 9 9 9 9 9 9 4 4 8 1 1 1 0
 9 9 9 9 9 9 9 9 9 8 0 0 0 0 8
 9 9 9 9 9 9 9 9 8 8 0 0 0 0 0
 9 9 9 9 9 9 9 9 9 8 0 0 0 0 0
 9 9 9 9 9 9 9 9 9 9 0 0 0 0 0
 9 9 9 9 9 9 9 9 9 9 9 8 5 0 0
 9 9 9 9 9 9 9 9 9 9 9 9 5 0 0
# Turn information for samurai of side 1 with weapon 1
# <turn>
69
# <cure period>
0
# Samurai states: <position x> <position y> <hiding>
12 10 1
10 6 0
4 0 1
0 1 0
-1 -1 1
-1 -1 1
# Battle field states
 8 8 8 2 2 8 2 8 8 8 9 9 9 9 9
 8 8 8 2 2 2 2 8 8 9 8 9 9 9 9
 9 8 8 8 2 2 2 8 9 8 8 1 9 9 9
 9 9 8 8 2 2 2 9 8 8 8 1 1 9 9
 9 9 9 8 2 2 9 4 8 8 1 1 1 1 9
 9 9 9 9 2 9 4 4 4 1 1 1 1 1 0
 9 9 9 9 9 4 4 4 4 4 1 1 1 1 0
 9 9 9 9 9 9 4 4 4 4 4 1 1 1 0
 9 9 9 9 9 9 9 4 4 4 8 1 1 1 0
 9 9 9 9 9 9 9 9 4 8 0 0 0 0 8
 9 9 9 9 9 9 9 4 8 8 0 0 0 0 0
 9 9 9 9 9 9 9 9 8 8 0 0 0 0 0
 9 9 9 9 9 9 9 9 9 8 0 0 0 0 0
 9 9 9 9 9 9 9 9 9 9 8 8 0 0 0
 9 9 9 9 9 9 9 9 9 9 9 8 0 0 9
# Turn information for samurai of side 1 with weapon 1
# <turn>
74
# <cure period>
0
# Samurai states: <position x> <position y> <hiding>
11 10 0
11 6 1
3 0 0
0 0 0
-1 -1 1
-1 -1 1
# Battle field states
 8 8 2 2 2 8 2 8 8 9 9 9 9 9 9
 8 8 2 2 2 2 2 8 9 9 9 8 9 9 9
 8 8 8 8 2 2 2 9 9 9 8 1 1 9 9
 9 8 8 8 2 2 9 9 9 8 8 1 1 1 9
 9 9 8 8 2 9 9 9 8 8 1 1 1 1 1
 9 9 9 8 9 9 9 4 4 1 1 1 1 1 0
 9 9 9 9 9 9 4 4 1 1 1 1 1 1 0
 9 9 9 9 9 9 9 4 4 1 1 1 1 1 0
 9 9 9 9 9 9 9 9 4 4 1 1 1 1 0
 9 9 9 9 9 9 9 4 4 8 0 0 0 0 8
 9 9 9 9 9 9 8 0 0 0 0 0 0 0 0
 9 9 9 9 9 9 9 8 8 8 0 0 0 0 0
 9 9 9 9 9 9 9 9 8 8 0 0 0 0 0
 9 9 9 9 9 9 9 9 9 8 8 8 0 0 9
 9 9 9 9 9 9 9 9 9 9 8 8 0 9 9
# Turn information for samurai of side 1 with weapon 1
# <turn>
81
# <cure period>
0
# Samurai states: <position x> <position y> <hiding>
11 11 1
11 7 0
2 0 1
1 0 0
-1 -1 1
12 14 0
# Battle field states
 8 2 2 2 2 8 2 8 9 9 9 9 9 9 9
 8 2 2 2 2 2 2 9 9 9 9 9 9 9 9
 8 8 8 8 2 2 9 9 9 9 9 1 9 9 9
 8 8 8 8 2 9 9 9 9 9 8 1 1 9 9
 9 8 8 8 9 9 9 9 9 8 1 1 1 1 9
 9 9 8 9 9 9 9 9 4 1 1 1 1 1 0
 9 9 9 9 9 9 9 4 1 1 1 1 1 1 0
 9 9 9 9 9 9 4 4 4 1 1 1 1 1 0
 9 9 9 9 9 9 9 4 4 4 1 1 1 1 0
 9 9 9 9 9 9 9 9 4 8 0 1 0 0 8
 9 9 9 9 9 9 9 0 0 0 0 0 0 0 0
 9 9 9 9 9 9 8 0 0 0 0 0 0 0 0
 9 9 9 9 9 9 9 8 8 8 0 0 0 0 0
 9 9 9 9 9 9 9 9 8 8 8 8 0 0 0
 9 9 9 9 9 9 9 9 9 8 8 8 0 0 9
# Turn information for samurai of side 1 with weapon 1
# <turn>
86
# <cure period>
0
# Samurai states: <position x> <position y> <hiding>
11 12 0
10 7 1
2 1 0
-1 -1 1
-1 -1 1
13 14 0
# Battle field states
 8 2 2 2 2 8 2 9 9 9 9 9 9 9 9
 8 2 2 2 2 2 2 8 9 9 9 9 9 9 9
 8 2 2 2 2 2 2 9 9 9 8 9 9 9 9
 8 8 8 8 2 2 9 9 9 8 8 1 9 9 9
 8 8 8 8 2 9 9 9 8 8 1 1 1 9 9
 9 8 8 8 9 9 9 4 4 1 1 1 1 1 9
 9 9 8 9 9 9 4 4 1 1 1 1 1 1 0
 9 9 9 9 9 4 4 4 1 1 1 1 1 1 0
 9 9 9 9 9 9 4 4 4 1 1 1 1 1 0
 9 9 9 9 9 9 9 4 4 8 1 1 0 0 9
 9 9 9 9 9 9 9 9 0 0 0 0 0 0 0
 9 9 9 9 9 9 9 0 0 0 0 0 0 0 0
 9 9 9 9 9 9 8 0 0 0 0 0 0 0 0
 9 9 9 9 9 9 9 8 8 8 8 5 0 5 0
 9 9 9 9 9 9 9 9 8 8 8 5 0 5 0
# Turn information for samurai of side 1 with weapon 1
# <turn>
93
# <cure period>
0
# Samurai states: <position x> <position y> <hiding>
11 13 0
9 7 0
2 2 1
0 5 0
-1 -1 1
-1 -1 1
# Battle field states
 8 2 2 2 2 8 9 9 9 9 9 9 9 9 9
 8 2 2 2 2 2 2 9 9 9 9 9 9 9 9
 8 2 2 2 2 2 2 8 9 8 9 9 9 9 9
 8 2 2 2 2 2 2 9 8 8 8 9 9 9 9
 8 8 8 8 2 2 9 4 8 8 1 1 9 9 9
 8 8 8 8 2 9 4 4 4 1 1 1 1 9 9
 9 8 8 8 9 4 4 4 1 1 1 1 1 1 9
 9 9 8 9 2 4 4 1 1 1 1 1 1 1 0
 9 9 9 9 9 2 4 4 1 1 1 1 1 1 9
 9 9 9 9 9 9 8 4 4 1 1 1 0 9 9
 9 9 9 9 9 9 9 0 0 0 0 0 0 0 9
 9 9 9 9 9 9 9 9 0 0 0 0 0 0 0
 9 9 9 9 9 9 9 0 0 0 0 0 5 5 5
 9 9 9 9 9 9 8 0 0 0 0 5 5 5 5
 9 9 9 9 9 9 9 8 8 8 8 5 5 5 5
# Turn information for samurai of side 1 with weapon 1
# <turn>
98
# <cure period>
0
# Samurai states: <position x> <position y> <hiding>
10 13 1
9 6 1
2 3 0
0 5 0
-1 -1 1
-1 -1 1
# Battle field states
 8 2 2 2 2 9 9 9 9 9 9 9 9 9 9
 8 2 2 2 2 2 9 9 9 8 9 9 9 9 9
 8 2 2 2 2 2 2 9 8 8 8 9 9 9 9
 8 2 2 2 2 2 2 8 8 8 8 1 9 9 9
 8 2 2 2 2 2 2 4 8 1 1 1 1 9 9
 8 8 8 8 2 2 4 4 1 1 1 1 1 1 9
 8 8 8 8 2 4 4 1 1 1 1 1 1 1 0
 9 8 8 8 9 4 4 1 1 1 1 1 1 1 9
 9 9 8 9 9 9 4 4 1 1 1 1 1 9 9
 9 9 9 9 9 9 9 4 4 1 1 1 9 9 9
 9 9 9 9 9 9 9 9 0 0 0 0 0 9 9
 9 9 9 9 9 9 9 0 0 0 0 0 0 0 9
 9 9 9 9 9 9 8 0 0 0 0 0 5 5 5
 9 9 9 9 9 8 8 0 0 0 0 0 0 0 0
 9 9 9 9 9 9 8 8 8 8 8 5 5 5 5
# Turn information for samurai of side 1 with weapon 1
# <turn>
105
# <cure period>
0
# Samurai states: <position x> <position y> <hiding>
10 14 0
9 5 0
2 4 1
0 2 0
-1 -1 1
-1 -1 1
# Battle field states
 9 2 2 2 9 9 9 9 9 8 9 9 9 9 9
 8 2 2 2 2 9 9 9 8 8 8 9 9 9 9
 8 2 2 2 2 2 9 8 8 8 8 1 9 9 9
 8 2 2 2 2 2 2 8 8 1 8 1 1 9 9
 8 2 2 2 2 2 2 4 1 1 1 1 1 1 9
 8 2 2 2 2 2 4 1 1 1 1 1 1 1 0
 8 8 8 8 2 4 4 1 1 1 1 1 1 1 9
 8 8 8 8 2 9 4 1 1 1 1 1 1 9 9
 9 8 8 8 9 9 9 4 1 1 1 1 9 9 9
 9 9 8 9 9 9 9 9 4 1 1 9 9 9 9
 9 9 9 9 9 9 9 9 9 0 0 0 9 9 9
 9 9 9 9 9 9 9 9 0 0 0 0 0 9 9
 9 9 9 9 9 9 9 0 0 0 0 0 5 5 9
 9 9 9 9 9 9 8 0 0 0 0 0 0 0 0
 9 9 9 9 9 8 8 8 8 8 8 0 0 0 0
# Turn information for samurai of side 1 with weapon 1
# <turn>
110
# <cure period>
0
# Samurai states: <position x> <position y> <hiding>
11 14 1
9 4 1
2 5 0
-1 -1 1
-1 -1 1
-1 -1 1
# Battle field states
 9 9 2 9 9 9 9 9 8 8 8 9 9 9 9
 9 2 2 2 9 9 9 8 8 8 8 8 9 9 9
 8 2 2 2 2 9 2 8 8 1 8 1 1 9 9
 8 2 2 2 2 2 2 8 1 1 8 1 1 1 9
 8 2 2 2 2 2 2 1 1 1 1 1 1 1 1
 8 2 2 2 2 2 4 1 1 1 1 1 1 1 9
 8 2 2 2 2 4 4 1 1 1 1 1 1 9 9
 8 8 8 8 2 4 9 1 1 1 1 1 9 9 9
 8 8 8 8 2 9 9 9 1 1 1 9 9 9 9
 9 8 8 8 9 9 9 9 9 1 9 1 9 9 9
 9 9 8 9 9 9 9 9 9 9 0 0 5 9 9
 9 9 9 9 9 9 9 9 9 0 0 0 5 5 9
 9 9 9 9 9 9 9 9 0 0 0 0 5 5 5
 9 9 9 9 9 9 9 0 0 0 0 0 0 0 0
 9 9 9 9 9 9 0 0 0 8 8 0 0 0 0
# Turn information for samurai of side 1 with weapon 1
# <turn>
117
# <cure period>
0
# Samurai states: <position x> <position y> <hiding>
12 14 0
9 3 0
2 6 1
-1 -1 1
-1 -1 1
-1 -1 1
# Battle field states
 9 9 9 9 9 9 9 8 8 8 8 8 9 9 9
 9 9 2 9 9 9 2 8 8 1 8 8 1 9 9
 9 2 2 2 9 2 2 8 8 1 1 1 1 1 9
 8 2 2 2 2 2 2 8 1 1 1 1 1 1 1
 8 2 2 2 2 2 2 1 1 1 1 1 1 1 9
 8 2 2 2 2 2 4 1 1 1 1 1 1 9 9
 8 2 2 2 2 4 4 1 1 1 1 1 9 9 9
 8 2 2 2 2 4 4 9 1 1 1 9 9 9 9
 8 8 8 8 2 2 9 9 9 1 9 9 9 9 9
 8 8 8 8 8 9 9 9 9 9 9 9 5 9 9
 9 8 8 8 9 9 9 9 9 9 9 0 0 5 9
 9 9 8 9 9 9 9 9 9 9 0 0 0 5 5
 9 9 9 9 9 9 9 9 9 0 0 0 0 5 5
 9 9 9 9 9 9 9 9 0 0 0 0 0 0 0
 9 9 9 9 9 9 9 0 0 8 8 0 0 0 0
# Turn information for samurai of side 1 with weapon 1
# <turn>
122
# <cure period>
0
# Samurai states: <position x> <position y> <hiding>
13 14 1
8 3 1
2 7 0
-1 -1 1
-1 -1 1
-1 -1 1
# Battle field states
 9 9 9 9 9 9 2 8 8 8 8 9 9 9 9
 9 9 9 9 9 2 2 8 1 1 8 8 9 9 9
 9 9 2 9 2 2 2 1 1 1 1 1 1 9 9
 9 2 2 2 2 2 1 1 1 1 1 1 1 1 9
 8 2 2 2 2 2 2 1 1 1 1 1 1 9 9
 8 2 2 2 2 2 4 1 1 1 1 1 9 9 9
 8 2 2 2 2 4 4 1 1 1 1 9 9 9 9
 8 2 2 2 2 4 4 1 1 1 9 9 9 9 9
 8 2 2 2 2 2 4 9 1 9 9 9 9 9 9
 8 8 8 8 8 8 9 9 9 9 9 9 9 5 9
 8 8 8 8 8 9 9 9 9 9 9 9 0 0 5
 9 8 8 8 9 9 9 9 9 9 9 0 0 0 5
 9 9 8 9 9 9 9 9 9 9 0 0 0 0 5
 9 9 9 9 9 9 9 9 9 0 0 0 0 0 0
 9 9 9 9 9 9 9 9 0 8 8 0 0 0 0
# Turn information for samurai of side 1 with weapon 1
# <turn>
129
# <cure period>
0
# Samurai states: <position x> <position y> <hiding>
14 14 0
8 2 0
2 8 1
-1 -1 1
-1 -1 1
-1 -1 1
# Battle field states
 9 9 9 9 9 8 2 8 1 8 8 8 9 9 9
 9 9 9 9 2 2 2 1 1 1 8 8 1 9 9
 9 9 9 2 2 2 1 1 1 1 1 1 1 1 9
 9 9 2 9 2 2 1 1 1 1 1 1 1 9 9
 9 2 2 2 9 2 2 1 1 1 1 1 9 9 9
 8 2 2 2 2 9 4 1 1 1 1 9 9 9 9
 8 2 2 2 2 4 9 1 1 1 9 9 9 9 9
 8 2 2 2 2 4 4 9 1 9 9 9 9 9 9
 8 2 2 2 2 2 4 4 9 9 9 9 9 9 9
 8 2 2 2 8 8 8 9 9 9 9 9 9 9 8
 8 8 8 8 8 8 9 9 9 9 9 9 9 0 0
 8 8 8 8 8 9 9 9 9 9 9 9 0 0 0
 9 8 8 8 9 9 9 9 9 9 9 0 0 0 0
 9 9 8 9 9 9 9 9 9 9 0 0 0 0 0
 9 9 9 9 9 9 9 9 9 8 8 0 0 0 0
# Turn information for samurai of side 1 with weapon 1
# <turn>
134
# <cure period>
0
# Samurai states: <position x> <position y> <hiding>
14 13 1
9 2 1
2 9 0
-1 -1 1
-1 -1 1
-1 -1 1
# Battle field states
 9 9 9 9 9 9 2 8 1 1 8 8 1 9 9
 9 9 9 9 9 2 2 1 1 1 1 8 1 1 9
 9 9 9 9 2 2 1 1 1 1 1 1 1 1 1
 9 9 9 9 9 2 1 1 1 1 1 1 1 1 9
 9 9 2 9 9 9 2 1 1 1 1 1 1 9 9
 9 2 2 2 9 9 9 1 1 1 1 1 9 9 9
 8 2 2 2 2 9 9 9 1 1 1 9 9 9 9
 8 2 2 2 2 4 9 9 9 1 9 9 9 9 9
 8 2 2 2 2 2 4 9 9 9 9 9 9 9 5
 8 2 2 2 8 8 8 4 9 9 9 9 9 5 8
 8 2 2 2 8 8 8 9 9 9 9 9 0 0 0
 8 8 8 8 8 8 9 9 9 9 9 0 0 0 0
 8 8 8 8 8 9 9 9 9 9 0 0 0 0 0
 9 8 8 8 9 9 9 9 9 4 0 0 0 0 0
 9 9 8 9 9 9 9 9 9 9 0 0 0 0 0
# Turn information for samurai of side 1 with weapon 1
# <turn>
141
# <cure period>
0
# Samurai states: <position x> <position y> <hiding>
14 12 0
10 2 0
2 10 1
-1 -1 1
-1 -1 1
-1 -1 1
# Battle field states
 9 9 9 9 9 9 9 8 1 1 1 8 1 1 9
 9 9 9 9 9 9 2 1 1 1 1 1 1 1 1
 9 9 9 9 9 2 1 1 1 1 1 1 1 1 1
 9 9 9 9 9 9 1 1 1 1 1 1 1 1 1
 9 9 9 9 9 9 9 1 1 1 1 1 1 1 9
 9 9 2 9 9 9 9 9 1 1 1 1 1 9 9
 9 2 2 2 9 9 9 9 9 1 1 1 9 9 9
 8 2 2 2 2 9 9 9 9 9 1 9 9 9 5
 8 2 2 2 2 2 9 9 9 9 9 9 9 1 0
 8 2 2 2 8 8 8 9 9 9 9 9 5 5 8
 8 2 2 2 8 8 8 0 9 9 9 0 0 0 0
 8 2 2 2 8 8 8 9 9 9 0 0 0 0 0
 8 8 8 8 8 8 9 9 9 0 0 0 0 0 0
 8 8 8 8 8 9 9 9 9 9 0 0 0 0 0
 9 8 8 8 9 9 9 9 9 9 9 0 0 0 0
# Turn information for samurai of side 1 with weapon 1
# <turn>
146
# <cure period>
0
# Samurai states: <position x> <position y> <hiding>
13 12 1
11 2 1
2 11 0
-1 -1 1
-1 -1 1
-1 -1 1
# Battle field states
 9 9 9 9 9 9 9 9 1 1 1 1 1 1 8
 9 9 9 9 9 9 9 1 1 1 1 1 1 1 1
 9 9 9 9 9 9 1 1 1 1 1 1 1 1 1
 9 9 9 9 9 9 9 1 1 1 1 1 1 1 1
 9 9 9 9 9 9 9 9 1 1 1 1 1 1 1
 9 9 9 9 9 9 9 9 9 1 1 1 1 5 9
 9 9 2 9 9 9 9 9 9 9 1 1 5 9 9
 9 2 2 2 9 9 9 9 9 9 9 1 9 5 9
 8 2 2 2 2 9 9 9 9 9 9 9 5 0 0
 8 2 2 2 8 8 9 9 9 9 9 1 5 0 8
 8 2 2 2 8 8 8 9 9 9 0 0 0 0 0
 8 2 2 2 8 8 8 4 9 0 0 0 0 0 0
 8 2 2 2 8 8 4 9 4 0 0 0 0 0 0
 8 8 8 8 8 8 9 9 9 4 0 0 0 0 0
 8 8 8 8 8 9 9 9 9 9 0 0 0 0 0
# Turn information for samurai of side 1 with weapon 1
# <turn>
153
# <cure period>
0
# Samurai states: <position x> <position y> <hiding>
12 12 0
11 2 1
2 12 1
-1 -1 1
-1 -1 1
-1 -1 1
# Battle field states
 9 9 9 9 9 9 9 9 1 1 1 1 1 1 8
 9 9 9 9 9 9 9 1 1 1 1 1 1 1 1
 9 9 9 9 9 9 1 1 1 1 1 1 1 1 1
 9 9 9 9 9 9 9 1 1 1 1 1 1 1 1
 9 9 9 9 9 9 9 9 1 1 1 1 1 1 1
 9 9 9 9 9 9 9 9 9 1 1 1 1 5 9
 9 9 9 9 9 9 9 9 9 9 1 1 5 9 9
 9 9 2 9 9 9 9 9 9 9 9 1 5 9 9
 9 2 2 2 9 9 9 9 9 9 9 1 0 0 9
 8 2 2 2 8 9 9 9 9 9 1 1 0 0 8
 8 2 2 2 8 8 9 9 9 0 0 0 0 0 0
 8 2 2 2 8 8 8 9 0 0 0 0 0 0 0
 8 2 2 2 8 8 4 4 4 0 0 0 0 0 0
 8 2 2 2 8 8 4 9 4 4 0 0 0 0 0
 8 8 8 8 8 8 9 9 9 8 0 0 0 0 0
# Turn information for samurai of side 1 with weapon 1
# <turn>
158
# <cure period>
0
# Samurai states: <position x> <position y> <hiding>
12 13 1
11 2 1
2 13 0
-1 -1 1
-1 -1 1
-1 -1 1
# Battle field states
 9 9 9 9 9 9 9 9 1 1 1 1 1 1 8
 9 9 9 9 9 9 9 1 1 1 1 1 1 1 1
 9 9 9 9 9 9 1 1 1 1 1 1 1 1 1
 9 9 9 9 9 9 9 1 1 1 1 1 1 1 1
 9 9 9 9 9 9 9 9 1 1 1 1 1 1 1
 9 9 9 9 9 9 9 9 9 1 1 1 1 5 9
 9 9 9 9 9 9 9 9 9 9 1 1 5 9 9
 9 9 9 9 9 9 9 9 9 9 9 1 9 9 9
 9 9 2 9 9 9 9 9 9 9 9 9 0 9 9
 9 2 2 2 9 9 9 9 9 9 9 1 0 0 9
 8 2 2 2 8 9 9 9 9 9 0 0 0 0 0
 8 2 2 2 8 8 9 9 9 0 0 0 0 0 0
 8 2 2 2 8 8 4 9 4 0 0 0 0 0 0
 8 2 2 2 8 8 4 4 0 0 0 0 0 0 0
 8 2 2 2 8 8 0 9 4 8 0 0 0 0 0
# Turn information for samurai of side 1 with weapon 1
# <turn>
165
# <cure period>
0
# Samurai states: <position x> <position y> <hiding>
12 14 0
11 2 1
3 13 1
-1 -1 1
-1 -1 1
-1 -1 1
# Battle field states
 9 9 9 9 9 9 9 9 1 1 1 1 1 1 8
 9 9 9 9 9 9 9 1 1 1 1 1 1 1 1
 9 9 9 9 9 9 1 1 1 1 1 1 1 1 1
 9 9 9 9 9 9 9 1 1 1 1 1 1 1 1
 9 9 9 9 9 9 9 9 1 1 1 1 1 1 1
 9 9 9 9 9 9 9 9 9 1 1 1 1 5 9
 9 9 9 9 9 9 9 9 9 9 1 1 5 9 9
 9 9 9 9 9 9 9 9 9 9 9 1 9 9 9
 9 9 9 2 9 9 9 9 9 9 9 9 9 9 9
 9 9 2 2 8 9 9 9 9 9 9 9 0 9 9
 9 2 2 2 8 8 9 9 9 9 9 0 0 0 9
 8 2 2 2 8 8 8 9 9 9 0 0 0 0 0
 8 2 2 2 2 8 4 4 9 0 0 0 0 0 0
 8 2 2 2 2 8 4 4 0 0 0 0 0 0 0
 8 2 2 2 2 8 0 4 0 8 0 0 0 0 0
# Turn information for samurai of side 1 with weapon 1
# <turn>
170
# <cure period>
0
# Samurai states: <position x> <position y> <hiding>
11 14 1
11 2 1
4 13 0
-1 -1 1
0 14 0
-1 -1 1
# Battle field states
 9 9 9 9 9 9 9 9 1 1 1 1 1 1 8
 9 9 9 9 9 9 9 1 1 1 1 1 1 1 1
 9 9 9 9 9 9 1 1 1 1 1 1 1 1 1
 9 9 9 9 9 9 9 1 1 1 1 1 1 1 1
 9 9 9 9 9 9 9 9 1 1 1 1 1 1 1
 9 9 9 9 9 9 9 9 9 1 1 1 1 5 9
 9 9 9 9 9 9 9 9 9 9 1 1 5 9 9
 9 9 9 9 9 9 9 9 9 9 9 1 9 9 9
 9 9 9 9 2 9 9 9 9 9 9 9 9 9 9
 9 9 9 2 8 8 9 9 9 9 9 1 9 9 9
 9 9 2 2 8 8 8 9 9 9 0 0 0 9 9
 9 2 2 2 8 8 8 4 9 0 0 0 0 0 9
 8 2 2 2 2 2 4 4 4 0 0 0 0 0 0
 8 2 2 2 2 2 4 4 0 0 0 0 0 0 0
 8 2 2 2 2 2 0 0 0 8 0 0 0 0 0
# Turn information for samurai of side 1 with weapon 1
# <turn>
177
# <cure period>
0
# Samurai states: <position x> <position y> <hiding>
11 13 0
11 2 1
5 13 1
-1 -1 1
-1 -1 1
-1 -1 1
# Battle field states
 9 9 9 9 9 9 9 9 1 1 1 1 1 1 8
 9 9 9 9 9 9 9 1 1 1 1 1 1 1 1
 9 9 9 9 9 9 1 1 1 1 1 1 1 1 1
 9 9 9 9 9 9 9 1 1 1 1 1 1 1 1
 9 9 9 9 9 9 9 9 1 1 1 1 1 1 1
 9 9 9 9 9 9 9 9 9 1 1 1 1 5 9
 9 9 9 9 9 9 9 9 9 9 1 1 5 9 9
 9 9 9 9 9 9 9 9 9 9 9 1 9 9 9
 9 9 9 9 9 2 9 9 9 9 9 1 9 9 9
 9 9 9 9 8 8 8 9 9 9 1 1 0 9 9
 9 9 9 2 8 8 8 0 9 0 0 0 0 0 9
 9 9 2 2 8 8 8 4 0 0 0 0 0 0 0
 9 2 2 2 2 2 2 4 4 0 0 0 0 0 0
 8 2 2 2 2 2 2 0 0 0 0 0 0 0 0
 9 2 2 2 2 2 2 0 0 8 0 0 0 0 0
# Turn information for samurai of side 1 with weapon 1
# <turn>
182
# <cure period>
0
# Samurai states: <position x> <position y> <hiding>
11 12 1
11 2 1
5 12 0
-1 -1 1
-1 -1 1
-1 -1 1
# Battle field states
 9 9 9 9 9 9 9 9 1 1 1 1 1 1 8
 9 9 9 9 9 9 9 1 1 1 1 1 1 1 1
 9 9 9 9 9 9 1 1 1 1 1 1 1 1 1
 9 9 9 9 9 9 9 1 1 1 1 1 1 1 1
 9 9 9 9 9 9 9 9 1 1 1 1 1 1 1
 9 9 9 9 9 9 9 9 9 1 1 1 1 5 9
 9 9 9 9 9 9 9 9 9 9 1 1 5 9 9
 9 9 9 9 9 4 9 9 9 9 9 1 9 9 9
 9 9 9 9 2 2 4 9 9 9 1 1 0 9 9
 9 9 9 2 8 8 8 4 9 1 1 1 0 0 9
 9 9 2 2 8 8 8 0 0 0 0 0 0 0 0
 9 2 2 2 2 2 2 4 0 0 0 0 0 0 0
 8 2 2 2 2 2 2 0 0 0 0 0 0 0 0
 9 2 2 2 2 2 2 0 0 0 0 0 0 0 0
 9 9 2 2 2 2 2 0 0 8 0 0 0 0 0
# Turn information for samurai of side 1 with weapon 1
# <turn>
189
# <cure period>
0
# Samurai states: <position x> <position y> <hiding>
11 11 0
11 2 1
5 11 1
-1 -1 1
-1 -1 1
-1 -1 1
# Battle field states
 9 9 9 9 9 9 9 9 1 1 1 1 1 1 8
 9 9 9 9 9 9 9 1 1 1 1 1 1 1 1
 9 9 9 9 9 9 1 1 1 1 1 1 1 1 1
 9 9 9 9 9 9 9 1 1 1 1 1 1 1 1
 9 9 9 9 9 9 9 9 1 1 1 1 1 1 1
 9 9 9 9 9 9 9 9 9 1 1 1 1 5 9
 9 9 9 9 9 4 9 9 9 9 1 1 5 9 9
 9 9 9 9 2 4 4 9 9 9 1 1 5 9 9
 9 9 9 2 2 2 4 4 9 1 1 1 0 0 9
 9 9 2 2 8 8 8 4 4 1 1 1 0 0 8
 9 2 2 2 2 2 2 0 0 0 0 0 0 0 0
 8 2 2 2 2 2 2 0 0 0 0 0 0 0 0
 9 2 2 2 2 2 2 0 0 0 0 0 0 0 0
 9 9 2 2 2 2 2 0 0 0 0 0 0 0 0
 9 9 9 2 2 2 2 0 9 8 0 0 0 0 9
