# <# turns> <side> <weapon> <width> <height> <cure period>
192 0 2 15 15 20
# Home positions
0 5
0 14
9 14
14 9
14 0
5 0
# Ranks and scores of samurai
1 100
2 98
3 80
4 70
5 60
6 20
# Turn information for samurai of side 0 with weapon 2
# <turn>
4
# <cure period>
0
# Samurai states: <position x> <position y> <hiding>
0 2 0
1 12 0
9 14 0
-1 -1 1
-1 -1 1
-1 -1 1
# Battle field states
 8 8 8 8 9 9 9 9 9 9 9 9 9 9 9
 8 8 8 8 8 9 9 9 9 9 9 9 9 9 9
 8 8 8 8 8 8 9 9 9 9 9 9 9 9 9
 8 8 8 8 8 9 9 9 9 9 9 9 9 9 9
 8 8 8 8 9 9 9 9 9 9 9 9 9 9 9
 8 8 8 9 9 9 9 9 9 9 9 9 9 9 9
 8 8 9 9 9 9 9 9 9 9 9 9 9 9 9
 8 8 9 9 9 9 9 9 9 9 9 9 9 9 9
 8 8 8 9 9 9 9 9 9 9 9 9 9 9 9
 8 8 8 8 9 9 9 9 9 8 9 9 9 9 9
 8 8 8 8 8 9 9 9 8 8 8 9 9 9 9
 8 8 8 8 8 8 9 8 8 8 8 8 9 9 9
 8 8 8 8 8 8 8 8 8 8 8 8 8 9 9
 8 8 8 8 8 8 8 8 8 8 8 8 8 8 9
 8 8 8 8 8 8 8 8 8 8 8 8 8 8 8
# Turn information for samurai of side 0 with weapon 2
# <turn>
11
# <cure period>
0
# Samurai states: <position x> <position y> <hiding>
0 1 0
1 9 0
12 14 0
-1 -1 1
-1 -1 1
-1 -1 1
# Battle field states
 8 8 8 8 5 9 9 9 9 9 9 9 9 9 9
 8 8 8 8 5 5 9 9 9 9 9 9 9 9 9
 8 8 8 8 5 9 9 9 9 9 9 9 9 9 9
 8 8 8 8 9 9 9 9 9 9 9 9 9 9 9
 8 8 8 9 9 9 9 9 9 9 9 9 9 9 9
 8 8 8 9 9 9 9 9 9 9 9 9 9 9 9
 8 8 8 8 9 9 9 9 9 9 9 9 9 9 9
 8 8 8 8 8 9 9 9 9 9 9 9 9 9 9
 8 8 8 8 8 8 9 9 9 9 9 9 9 9 9
 8 8 8 8 8 8 8 9 9 9 9 9 8 9 9
 8 8 8 8 8 8 9 9 9 9 9 8 8 8 9
 8 8 8 8 8 9 9 9 9 9 8 8 8 8 3
 8 8 8 8 9 9 9 9 9 8 8 8 8 8 3
 8 8 8 9 9 9 9 9 8 8 8 8 8 8 3
 9 8 9 9 9 9 9 8 8 8 8 8 8 8 8
# Turn information for samurai of side 0 with weapon 2
# <turn>
16
# <cure period>
0
# Samurai states: <position x> <position y> <hiding>
0 0 0
4 9 0
13 14 0
-1 -1 1
-1 -1 1
-1 -1 1
# Battle field states
 8 8 8 8 5 8 9 9 9 9 9 9 9 9 9
 8 8 8 8 5 9 9 9 9 9 9 9 9 9 9
 8 8 8 8 9 9 9 9 9 9 9 9 9 9 9
 8 8 8 9 9 9 9 9 9 9 9 9 9 9 9
 8 8 9 9 8 9 9 9 9 9 9 9 9 9 9
 8 9 9 8 8 8 9 9 9 9 9 9 9 9 9
 9 9 8 8 8 8 8 9 9 9 9 9 9 9 9
 9 8 8 8 8 8 8 8 9 9 9 9 9 9 9
 8 8 8 8 8 8 8 8 8 9 9 9 9 9 9
 8 8 8 8 8 8 8 8 8 8 9 9 9 8 9
 8 8 8 8 8 8 8 8 8 9 9 9 3 3 3
 9 8 8 8 8 8 8 8 9 9 9 8 8 8 3
 9 9 8 8 8 8 8 9 9 9 8 8 8 8 3
 9 9 9 8 8 8 9 9 9 8 8 8 2 2 2
 9 9 9 9 8 9 9 9 8 8 8 8 2 8 2
# Turn information for samurai of side 0 with weapon 2
# <turn>
23
# <cure period>
0
# Samurai states: <position x> <position y> <hiding>
1 0 0
7 9 0
14 14 1
14 11 0
-1 -1 1
-1 -1 1
# Battle field states
 8 8 8 8 5 8 5 9 9 9 9 9 9 9 9
 8 8 8 8 5 5 9 9 9 9 9 9 9 9 9
 8 8 8 8 5 9 9 9 9 9 9 9 9 9 9
 8 8 8 8 9 9 9 9 9 9 9 9 9 9 9
 8 8 8 9 9 9 9 8 9 9 9 9 9 9 9
 9 8 9 9 9 9 5 8 8 9 9 9 9 9 9
 9 9 9 9 9 8 8 8 8 8 9 9 9 9 9
 9 9 9 9 8 8 8 8 8 8 8 9 9 9 9
 9 9 9 8 8 8 8 8 8 8 8 8 9 9 9
 9 9 8 8 8 8 8 8 8 8 8 8 8 9 8
 9 9 9 8 8 8 8 8 8 8 3 3 9 3 3
 9 9 9 9 8 8 8 8 8 8 3 9 3 3 3
 9 9 9 9 9 8 8 8 8 8 9 8 8 8 3
 9 9 9 9 9 9 8 8 8 9 8 8 2 2 2
 9 9 9 9 9 9 9 8 9 8 8 8 2 8 2
# Turn information for samurai of side 0 with weapon 2
# <turn>
28
# <cure period>
0
# Samurai states: <position x> <position y> <hiding>
0 0 0
7 8 0
14 13 1
-1 -1 1
-1 -1 1
-1 -1 1
# Battle field states
 8 8 8 8 5 8 9 9 9 9 9 9 9 9 9
 8 8 8 8 5 9 9 9 9 9 9 9 9 9 9
 8 8 8 8 9 9 9 9 9 9 9 9 9 9 9
 8 8 8 9 9 9 9 8 9 9 9 9 9 9 9
 8 8 9 9 9 9 5 8 8 9 9 9 9 9 9
 8 9 9 9 9 5 5 8 8 8 9 9 9 9 9
 9 9 9 9 8 8 8 8 8 8 8 9 9 9 9
 9 9 9 8 8 8 8 8 8 8 8 8 9 9 9
 9 9 8 8 8 8 8 8 1 1 8 8 8 9 3
 9 9 9 8 8 8 8 1 1 8 8 8 9 8 8
 9 9 9 9 8 8 8 1 8 8 3 9 3 3 3
 9 9 9 9 9 8 8 8 8 8 9 3 3 3 3
 9 9 9 9 9 9 8 8 8 9 3 3 3 3 3
 9 9 9 9 9 9 9 8 9 8 8 8 2 2 2
 9 9 9 9 9 9 9 9 9 9 8 8 2 8 2
# Turn information for samurai of side 0 with weapon 2
# <turn>
35
# <cure period>
0
# Samurai states: <position x> <position y> <hiding>
1 0 0
7 7 0
14 14 0
14 9 0
-1 -1 1
-1 -1 1
# Battle field states
 8 8 8 8 5 8 5 9 9 9 9 9 9 9 9
 8 8 8 8 5 5 9 9 9 9 9 9 9 9 9
 8 8 8 8 5 9 9 8 9 9 9 9 9 9 9
 8 8 8 8 9 9 5 8 8 9 9 9 9 9 9
 8 8 8 9 9 5 5 8 8 8 9 9 9 9 9
 9 8 9 9 5 5 5 1 8 8 8 9 9 9 9
 9 9 9 8 5 5 5 1 8 8 8 8 9 9 9
 9 9 8 8 5 5 5 8 8 8 8 8 8 9 9
 9 9 9 8 8 8 8 8 1 1 8 8 9 9 9
 9 9 9 9 8 8 8 1 1 8 8 9 9 9 8
 9 9 9 9 9 8 8 1 8 8 9 9 9 3 3
 9 9 9 9 9 9 8 8 8 9 9 9 3 3 3
 9 9 9 9 9 9 9 8 9 9 9 3 3 2 2
 9 9 9 9 9 9 9 9 9 9 8 8 2 2 2
 9 9 9 9 9 9 9 9 9 8 8 8 2 2 2
# Turn information for samurai of side 0 with weapon 2
# <turn>
40
# <cure period>
0
# Samurai states: <position x> <position y> <hiding>
0 0 0
7 6 1
13 14 1
-1 -1 1
-1 -1 1
-1 -1 1
# Battle field states
 8 8 8 8 5 8 9 9 9 9 9 9 9 9 9
 8 8 8 8 5 9 9 8 9 9 9 9 9 9 9
 8 8 8 8 9 9 5 8 8 9 9 9 9 9 9
 8 8 8 9 9 5 5 8 8 8 9 9 9 9 9
 8 8 9 9 5 5 5 8 8 8 8 9 9 9 9
 8 9 9 8 5 5 5 1 8 8 8 4 9 9 9
 9 9 8 8 5 5 5 1 1 1 8 8 4 9 9
 9 9 9 8 5 5 5 1 1 8 8 8 9 9 9
 9 9 9 9 8 8 8 1 1 1 8 9 9 9 9
 9 9 9 9 9 8 8 1 1 8 9 9 9 8 9
 9 9 9 9 9 9 8 1 8 9 9 9 3 3 3
 9 9 9 9 9 9 9 8 9 9 9 3 3 3 3
 9 9 9 9 9 9 9 9 9 9 3 3 3 2 2
 9 9 9 9 9 9 9 9 9 8 8 8 2 2 2
 9 9 9 9 9 9 9 9 8 8 8 8 2 2 2
# Turn information for samurai of side 0 with weapon 2
# <turn>
47
# <cure period>
0
# Samurai states: <position x> <position y> <hiding>
1 0 0
7 7 0
14 14 1
14 9 0
-1 -1 1
5 0 0
# Battle field states
 8 8 8 8 5 8 5 9 9 9 9 9 9 9 9
 8 8 8 8 5 5 9 9 9 9 9 9 9 9 9
 8 8 8 8 5 9 9 8 9 9 9 9 9 9 9
 8 8 8 8 9 9 5 8 8 9 9 9 9 9 9
 8 8 8 9 9 5 5 8 8 8 9 9 9 9 9
 9 8 9 9 5 5 5 1 8 8 8 9 9 9 9
 9 9 9 8 5 5 5 1 1 1 8 4 9 9 9
 9 9 8 8 5 1 1 1 1 8 8 8 4 9 9
 9 9 9 8 5 5 1 1 1 1 8 8 9 9 9
 9 9 9 9 8 8 8 1 1 8 8 9 9 9 8
 9 9 9 9 9 8 8 1 8 8 9 9 9 3 3
 9 9 9 9 9 9 8 8 8 9 9 9 3 3 3
 9 9 9 9 9 9 9 8 9 9 9 3 3 2 2
 9 9 9 9 9 9 9 9 9 9 8 8 2 2 2
 9 9 9 9 9 9 9 9 9 8 8 8 2 2 2
# Turn information for samurai of side 0 with weapon 2
# <turn>
52
# <cure period>
0
# Samurai states: <position x> <position y> <hiding>
0 0 0
7 6 1
13 14 1
-1 -1 1
12 6 0
5 0 0
# Battle field states
 8 8 8 8 5 8 9 9 9 9 9 9 9 9 9
 8 8 8 8 5 9 9 8 9 9 9 9 9 9 9
 8 8 8 8 9 9 5 8 8 9 9 9 9 9 9
 8 8 8 9 9 5 5 8 8 8 9 9 9 9 9
 8 8 9 9 5 5 5 1 8 8 8 9 9 9 9
 8 9 9 8 5 5 1 1 8 8 8 4 9 9 9
 9 9 8 8 5 1 1 1 1 1 4 4 4 9 9
 9 9 9 8 5 1 1 1 1 8 8 4 9 9 9
 9 9 9 9 5 5 1 1 1 1 8 9 9 9 9
 9 9 9 9 9 8 8 1 1 8 9 9 9 3 9
 9 9 9 9 9 9 8 1 8 9 9 9 3 3 3
 9 9 9 9 9 9 9 8 9 9 9 3 3 3 3
 9 9 9 9 9 9 9 9 9 9 3 3 3 2 2
 9 9 9 9 9 9 9 9 9 8 8 8 2 2 2
 9 9 9 9 9 9 9 9 8 8 8 8 2 2 2
# Turn information for samurai of side 0 with weapon 2
# <turn>
59
# <cure period>
15
# Samurai states: <position x> <position y> <hiding>
0 1 0
7 7 1
9 14 0
-1 -1 1
-1 -1 1
-1 -1 1
# Battle field states
 8 8 8 8 5 9 9 9 9 9 9 9 9 9 9
 8 8 8 8 5 5 9 9 9 9 9 9 9 9 9
 8 8 8 8 5 9 9 8 9 9 9 9 9 9 9
 8 8 8 8 9 9 5 8 8 9 9 9 9 9 9
 8 8 8 9 9 5 5 1 8 8 9 9 9 9 9
 8 8 9 9 5 5 1 1 8 8 8 9 9 9 9
 8 9 9 8 5 1 1 1 1 4 4 4 9 9 9
 9 9 8 8 5 1 1 1 1 8 4 4 4 9 9
 9 9 9 8 5 5 1 1 1 1 8 4 9 9 9
 9 9 9 9 8 8 8 1 1 8 3 9 9 9 9
 9 9 9 9 9 8 8 1 8 8 3 9 9 9 9
 9 9 9 9 9 9 8 8 8 8 3 3 9 9 9
 9 9 9 9 9 9 8 8 8 8 3 3 3 9 9
 9 9 9 9 9 8 8 8 8 8 8 8 2 2 9
 9 9 9 9 8 8 8 8 8 8 8 8 2 2 3
# Turn information for samurai of side 0 with weapon 2
# <turn>
64
# <cure period>
10
# Samurai states: <position x> <position y> <hiding>
0 0 0
8 7 0
9 14 0
-1 -1 1
10 6 0
5 0 0
# Battle field states
 8 8 8 8 5 8 9 9 9 9 9 9 9 9 9
 8 8 8 8 5 9 9 9 9 9 9 9 9 9 9
 8 8 8 8 9 9 9 9 8 9 9 9 9 9 9
 8 8 8 9 9 9 9 8 8 8 9 9 9 9 9
 8 8 9 9 9 9 5 1 8 8 4 9 9 9 9
 8 9 9 9 9 5 1 1 1 4 4 4 9 9 9
 9 9 9 9 5 1 1 1 1 1 4 4 4 9 9
 9 9 9 8 5 1 1 1 1 1 1 4 4 4 9
 9 9 9 9 5 5 1 1 1 1 8 4 4 9 9
 9 9 9 9 9 8 8 1 1 8 3 3 9 9 9
 9 9 9 9 9 9 8 1 8 8 3 9 9 9 9
 9 9 9 9 9 9 9 8 8 8 3 3 9 9 9
 9 9 9 9 9 9 8 8 8 8 3 3 3 9 9
 9 9 9 9 9 8 8 8 8 8 8 8 2 3 9
 9 9 9 9 8 8 8 8 8 8 8 8 2 3 3
# Turn information for samurai of side 0 with weapon 2
# <turn>
71
# <cure period>
3
# Samurai states: <position x> <position y> <hiding>
0 1 0
7 7 1
9 14 0
-1 -1 1
-1 -1 1
3 0 0
# Battle field states
 8 8 5 5 5 9 9 9 9 9 9 9 9 9 9
 8 8 5 5 5 5 9 9 9 9 9 9 9 9 9
 8 8 8 8 5 9 9 8 9 9 9 9 9 9 9
 8 8 8 8 9 9 5 8 8 9 9 9 9 9 9
 8 8 8 9 9 5 5 1 8 8 9 9 9 9 9
 8 8 9 9 5 5 1 1 1 4 4 9 9 9 9
 8 9 9 8 5 1 1 1 4 4 4 4 9 9 9
 9 9 8 8 5 1 1 1 1 4 4 4 4 9 9
 9 9 9 8 5 5 1 1 1 1 4 4 9 9 9
 9 9 9 9 8 8 8 1 1 8 3 9 9 9 9
 9 9 9 9 9 8 8 1 8 8 3 9 9 9 9
 9 9 9 9 9 9 8 8 8 8 3 3 9 9 9
 9 9 9 9 9 9 8 8 8 8 3 3 3 9 9
 9 9 9 9 9 8 8 8 8 8 8 8 3 3 9
 9 9 9 9 8 8 8 8 8 8 8 8 3 3 3
# Turn information for samurai of side 0 with weapon 2
# <turn>
76
# <cure period>
0
# Samurai states: <position x> <position y> <hiding>
0 0 0
7 7 1
9 14 0
-1 -1 1
11 7 0
3 0 0
# Battle field states
 8 8 5 5 5 8 9 9 9 9 9 9 9 9 9
 8 8 5 5 5 9 9 9 9 9 9 9 9 9 9
 8 8 8 8 9 9 9 8 9 9 9 9 9 9 9
 8 8 8 9 9 9 5 8 8 9 9 9 9 9 9
 8 8 9 9 9 5 5 1 8 8 9 9 9 9 9
 8 9 9 9 5 5 1 1 1 4 4 9 9 9 9
 9 9 9 8 5 1 1 1 4 4 4 4 9 9 9
 9 9 8 8 5 1 1 1 1 4 4 4 4 9 9
 9 9 9 8 5 5 1 1 1 1 4 4 9 9 9
 9 9 9 9 8 8 8 1 1 8 3 9 9 9 9
 9 9 9 9 9 8 8 3 3 3 3 9 9 9 9
 9 9 9 9 9 9 8 8 8 8 3 3 9 9 9
 9 9 9 9 9 9 8 8 8 8 3 3 3 9 9
 9 9 9 9 9 8 8 8 8 8 8 8 3 3 9
 9 9 9 9 8 8 8 8 8 8 8 8 3 3 3
# Turn information for samurai of side 0 with weapon 2
# <turn>
83
# <cure period>
0
# Samurai states: <position x> <position y> <hiding>
0 5 0
7 7 1
12 14 0
-1 -1 1
-1 -1 1
-1 -1 1
# Battle field states
 8 9 9 9 9 9 9 9 9 9 9 9 9 9 9
 8 5 9 9 9 9 9 9 9 9 9 9 9 9 9
 8 5 5 9 9 9 9 8 9 9 9 9 9 9 9
 8 8 8 8 9 9 5 8 8 9 9 9 9 9 9
 8 8 8 8 5 5 5 1 8 8 9 9 9 9 9
 8 8 8 8 5 5 1 1 1 4 4 9 9 9 9
 8 8 8 8 5 1 1 1 4 4 4 4 9 9 9
 8 8 8 8 5 1 1 1 4 4 4 4 4 9 9
 8 8 8 8 5 5 1 1 1 4 4 4 9 9 9
 8 8 9 9 8 8 8 1 1 8 4 9 3 9 9
 8 9 9 9 9 8 8 3 3 3 9 3 3 3 9
 9 9 9 9 9 9 8 3 3 9 3 3 3 3 3
 9 9 9 9 9 9 9 8 9 8 3 3 3 3 3
 9 9 9 9 9 9 9 9 8 8 8 8 3 3 3
 9 9 9 9 9 9 9 8 8 8 8 8 3 3 3
# Turn information for samurai of side 0 with weapon 2
# <turn>
88
# <cure period>
0
# Samurai states: <position x> <position y> <hiding>
0 5 0
0 14 0
13 14 0
11 12 0
-1 -1 1
-1 -1 1
# Battle field states
 8 9 9 9 9 9 9 9 9 9 9 9 9 9 9
 8 5 9 9 9 9 9 9 9 9 9 9 9 9 9
 8 5 5 9 9 9 9 9 9 9 9 9 9 9 9
 8 8 8 8 9 9 9 9 9 9 9 9 9 9 9
 8 8 8 8 5 9 9 9 9 9 9 9 9 9 9
 8 8 8 8 5 5 9 9 9 9 9 9 9 9 9
 8 8 8 8 5 9 9 9 9 9 9 9 9 9 9
 8 8 8 8 9 9 9 9 9 9 9 9 9 9 9
 8 8 8 9 9 9 9 9 9 9 9 9 9 9 9
 8 8 9 9 9 9 9 9 9 9 9 9 9 3 9
 8 8 9 9 9 9 9 9 9 9 9 9 3 3 3
 8 8 8 9 9 9 9 9 9 9 9 3 3 3 3
 8 8 8 8 9 9 9 9 9 9 3 3 3 3 3
 8 8 8 8 8 9 9 9 9 8 8 2 3 2 3
 8 8 8 8 8 8 9 9 8 8 8 2 3 2 3
# Turn information for samurai of side 0 with weapon 2
# <turn>
95
# <cure period>
0
# Samurai states: <position x> <position y> <hiding>
0 5 0
0 14 0
13 13 1
11 13 0
-1 -1 1
2 3 0
# Battle field states
 8 9 9 9 9 9 9 9 9 9 9 9 9 9 9
 8 5 9 9 9 9 9 9 9 9 9 9 9 9 9
 8 5 5 9 9 9 9 9 9 9 9 9 9 9 9
 8 5 5 5 9 9 9 9 9 9 9 9 9 9 9
 8 5 5 5 5 9 9 9 9 9 9 9 9 9 9
 8 8 8 8 5 5 9 9 9 9 9 9 9 9 9
 8 8 8 8 5 9 9 9 9 9 9 9 9 9 9
 8 8 8 8 9 9 9 9 9 9 9 9 9 9 9
 8 8 8 9 9 9 9 9 9 9 9 9 9 4 9
 8 8 9 9 9 9 9 9 9 9 9 9 3 3 8
 8 8 9 9 9 9 9 9 9 9 9 3 3 3 3
 8 8 8 9 9 9 9 9 9 9 3 3 3 3 3
 8 8 8 8 9 9 9 9 9 3 3 3 2 2 2
 8 8 8 8 8 9 9 9 3 3 3 2 2 2 2
 8 8 8 8 8 8 9 9 9 8 8 2 2 2 2
# Turn information for samurai of side 0 with weapon 2
# <turn>
100
# <cure period>
0
# Samurai states: <position x> <position y> <hiding>
0 5 0
0 14 0
14 11 0
-1 -1 1
-1 -1 1
2 3 0
# Battle field states
 8 9 9 9 9 9 9 9 9 9 9 9 9 9 9
 8 5 9 9 9 9 9 9 9 9 9 9 9 9 9
 8 5 5 9 9 9 9 9 9 9 9 9 9 9 9
 8 5 5 5 9 9 9 9 9 9 9 9 9 9 9
 8 5 5 5 5 9 9 9 9 9 9 9 9 9 9
 8 8 8 8 5 5 9 9 9 9 9 9 9 9 9
 8 8 8 8 5 9 9 9 9 9 9 9 9 9 3
 8 8 8 8 9 9 9 9 9 9 9 9 9 4 3
 8 8 8 9 9 9 9 9 9 9 9 9 4 4 3
 8 8 9 9 9 9 9 9 9 9 9 4 3 3 8
 8 8 9 9 9 9 9 9 9 9 3 3 3 3 3
 8 8 8 9 9 9 9 9 9 3 3 3 3 3 3
 8 8 8 8 9 9 9 9 9 9 3 3 2 2 2
 8 8 8 8 8 9 9 9 9 9 9 3 3 3 3
 8 8 8 8 8 8 9 9 9 9 9 9 2 2 2
# Turn information for samurai of side 0 with weapon 2
# <turn>
107
# <cure period>
0
# Samurai states: <position x> <position y> <hiding>
0 2 0
0 14 0
14 10 0
-1 -1 1
-1 -1 1
2 5 0
# Battle field states
 8 5 5 5 9 9 9 9 9 9 9 9 9 9 9
 8 5 5 5 5 9 9 9 9 9 9 9 9 9 9
 8 5 5 5 5 5 9 9 9 9 9 9 9 9 9
 8 5 5 5 5 9 9 9 9 9 9 9 9 9 9
 8 5 5 5 9 9 9 9 9 9 9 9 9 9 9
 8 5 5 9 9 9 9 9 9 9 9 9 9 9 3
 8 5 9 9 9 9 9 9 9 9 9 9 9 4 3
 8 9 9 9 9 9 9 9 9 9 9 9 4 4 3
 9 9 9 9 9 9 9 9 9 9 9 4 4 4 3
 8 9 9 9 9 9 9 9 9 9 4 4 3 2 8
 8 8 9 9 9 9 9 9 9 3 3 3 3 2 3
 8 8 8 9 9 9 9 9 9 9 3 3 3 2 2
 8 8 8 8 9 9 9 9 9 9 9 3 2 2 2
 8 8 8 8 8 9 9 9 9 9 9 9 3 3 3
 8 8 8 8 8 8 9 9 9 9 9 9 9 3 3
# Turn information for samurai of side 0 with weapon 2
# <turn>
112
# <cure period>
0
# Samurai states: <position x> <position y> <hiding>
1 0 0
3 14 0
13 10 1
-1 -1 1
-1 -1 1
-1 -1 1
# Battle field states
 8 5 5 5 5 8 5 9 9 9 9 9 9 9 9
 8 5 5 5 5 5 9 9 9 9 9 9 9 9 9
 8 5 5 5 5 9 9 9 9 9 9 9 9 9 9
 8 5 5 5 9 9 9 9 9 9 9 9 9 9 9
 8 5 5 9 9 9 9 9 9 9 9 9 9 9 9
 9 5 9 9 9 9 9 9 9 9 9 9 9 4 9
 9 9 9 9 9 9 9 9 9 9 9 9 4 4 3
 9 9 9 9 9 9 9 9 9 9 9 4 4 4 3
 9 9 9 9 9 9 9 9 9 9 4 4 4 4 3
 9 9 9 8 9 9 9 9 9 4 4 4 2 2 8
 9 9 8 8 8 9 9 9 3 3 3 3 2 2 2
 9 8 8 8 8 8 9 9 9 3 3 3 2 2 2
 8 8 8 8 8 8 8 9 9 9 3 3 2 2 2
 8 8 8 8 8 8 8 3 9 9 9 3 3 3 3
 8 8 8 8 8 8 3 3 3 9 9 9 3 3 3
# Turn information for samurai of side 0 with weapon 2
# <turn>
119
# <cure period>
0
# Samurai states: <position x> <position y> <hiding>
0 0 0
6 14 0
13 7 0
-1 -1 1
-1 -1 1
-1 -1 1
# Battle field states
 8 5 5 5 5 8 9 9 9 9 9 9 9 9 9
 8 5 5 5 5 9 9 9 9 9 9 9 9 9 9
 8 5 5 5 9 9 9 9 9 9 9 9 9 4 9
 8 5 5 9 9 9 9 9 9 9 9 9 4 4 4
 8 5 9 9 9 9 9 9 9 9 9 4 4 4 4
 8 9 9 9 9 9 9 9 9 9 4 4 4 4 3
 9 9 9 9 9 9 9 9 9 4 4 4 4 4 3
 9 9 9 9 9 9 9 9 4 4 4 4 4 4 3
 9 9 9 9 9 9 9 9 9 4 4 4 4 4 3
 9 9 9 9 9 9 8 9 9 9 4 4 2 2 8
 9 9 9 9 9 8 8 3 9 9 9 3 3 2 2
 9 9 9 9 8 8 8 3 3 9 9 9 3 2 2
 9 9 9 8 8 8 8 3 3 3 9 9 9 2 9
 9 9 8 8 8 8 8 3 3 3 3 9 9 9 9
 9 8 8 8 8 8 3 3 3 8 8 3 9 9 9
# Turn information for samurai of side 0 with weapon 2
# <turn>
124
# <cure period>
0
# Samurai states: <position x> <position y> <hiding>
1 0 0
7 14 0
14 7 0
-1 -1 1
-1 -1 1
-1 -1 1
# Battle field states
 8 5 5 5 5 8 5 9 9 9 9 9 9 9 9
 8 5 5 5 5 5 9 9 9 9 9 9 9 9 9
 8 5 5 5 5 9 9 9 9 9 9 9 9 9 4
 8 5 5 5 9 9 9 9 9 9 9 9 9 4 4
 8 5 5 9 9 9 9 9 9 9 9 9 4 4 4
 9 5 9 9 9 9 9 9 9 9 9 4 4 4 3
 9 9 9 9 9 9 9 9 9 9 4 4 2 2 2
 9 9 9 9 9 9 9 9 9 4 4 4 2 4 2
 9 9 9 9 9 9 9 9 9 9 4 4 2 4 2
 9 9 9 9 9 9 9 1 9 9 9 4 2 2 8
 9 9 9 9 9 9 8 3 3 9 9 9 3 3 2
 9 9 9 9 9 8 8 3 3 3 9 9 9 3 2
 9 9 9 9 8 8 1 3 3 3 3 9 9 9 2
 9 9 9 8 8 8 1 1 3 3 3 3 9 9 9
 9 9 8 8 8 8 3 1 1 8 8 3 3 9 9
# Turn information for samurai of side 0 with weapon 2
# <turn>
131
# <cure period>
0
# Samurai states: <position x> <position y> <hiding>
0 0 0
7 13 1
14 6 1
-1 -1 1
-1 -1 1
-1 -1 1
# Battle field states
 8 5 5 5 5 8 9 9 9 9 9 9 9 9 9
 8 5 5 5 5 9 9 9 9 9 9 9 9 9 4
 8 5 5 5 9 9 9 9 9 9 9 9 9 4 4
 8 5 5 9 9 9 9 9 9 9 9 9 4 4 4
 8 5 9 9 9 9 9 9 9 9 9 4 4 4 4
 8 9 9 9 9 9 9 9 9 9 4 4 4 2 2
 9 9 9 9 9 9 9 9 9 4 4 4 2 2 2
 9 9 9 9 9 9 9 9 9 9 4 4 2 2 2
 9 9 9 9 9 9 9 1 9 9 9 4 2 4 2
 9 9 9 9 9 9 8 1 1 9 9 9 2 2 8
 9 9 9 9 9 8 8 3 3 3 9 9 9 3 3
 9 9 9 9 8 8 8 1 3 3 3 9 9 9 3
 9 9 9 8 8 8 1 1 1 3 3 3 9 9 9
 9 9 8 8 8 8 1 1 1 1 3 3 3 9 9
 9 9 9 8 8 8 3 1 1 8 8 3 9 9 9
# Turn information for samurai of side 0 with weapon 2
# <turn>
136
# <cure period>
0
# Samurai states: <position x> <position y> <hiding>
1 0 0
7 14 1
14 7 1
-1 -1 1
-1 -1 1
-1 -1 1
# Battle field states
 8 5 5 5 5 8 5 9 9 9 9 9 9 9 9
 8 5 5 5 5 5 9 9 9 9 9 9 9 9 9
 8 5 5 5 5 9 9 9 9 9 9 9 9 9 4
 8 5 5 5 9 9 9 9 9 9 9 9 9 4 4
 8 5 5 9 9 9 9 9 9 9 9 9 4 4 4
 9 5 9 9 9 9 9 9 9 9 9 4 4 2 2
 9 9 9 9 9 9 9 9 9 9 4 4 2 2 2
 9 9 9 9 9 9 9 9 9 4 4 4 2 2 2
 9 9 9 9 9 9 9 9 9 9 4 4 2 4 2
 9 9 9 9 9 9 9 1 9 9 9 4 2 2 8
 9 9 9 9 9 9 8 3 3 9 9 9 3 3 3
 9 9 9 9 9 8 8 1 3 3 9 9 9 3 3
 9 9 9 9 8 8 1 1 1 3 3 9 9 9 3
 9 9 9 8 8 8 1 1 1 1 3 3 9 9 9
 9 9 8 8 8 8 3 1 1 8 3 3 3 9 9
# Turn information for samurai of side 0 with weapon 2
# <turn>
143
# <cure period>
0
# Samurai states: <position x> <position y> <hiding>
0 0 0
7 14 1
14 7 1
14 12 0
-1 -1 1
-1 -1 1
# Battle field states
 8 5 5 5 5 8 9 9 9 9 9 9 9 9 9
 8 5 5 5 5 9 9 9 9 9 9 9 9 9 9
 8 5 5 5 9 9 9 9 9 9 9 9 9 9 4
 8 5 5 9 9 9 9 9 9 9 9 9 9 4 4
 8 5 9 9 9 9 9 9 9 9 9 9 4 4 4
 8 9 9 9 9 9 9 9 9 9 9 4 4 2 2
 9 9 9 9 9 9 9 9 9 9 4 4 2 2 2
 9 9 9 9 9 9 9 9 9 4 4 4 2 2 2
 9 9 9 9 9 9 9 9 9 9 4 4 2 4 3
 9 9 9 9 9 9 9 1 9 9 9 4 2 2 8
 9 9 9 9 9 9 8 3 3 9 9 9 3 3 3
 9 9 9 9 9 8 8 1 3 3 9 9 9 3 3
 9 9 9 9 8 8 1 1 1 3 3 9 9 9 3
 9 9 9 8 8 8 1 1 1 1 3 3 9 9 9
 9 9 8 8 8 8 3 1 1 8 3 3 3 9 9
# Turn information for samurai of side 0 with weapon 2
# <turn>
148
# <cure period>
0
# Samurai states: <position x> <position y> <hiding>
0 1 0
7 14 1
14 7 1
-1 -1 1
-1 -1 1
-1 -1 1
# Battle field states
 8 5 5 5 5 9 9 9 9 9 9 9 9 9 9
 8 5 5 5 5 5 9 9 9 9 9 9 9 9 9
 8 5 5 5 5 9 9 9 9 9 9 9 9 9 4
 8 5 5 5 9 9 9 9 9 9 9 9 9 4 4
 8 5 5 9 9 9 9 9 9 9 9 9 4 4 4
 8 5 9 9 9 9 9 9 9 9 9 4 4 2 2
 8 9 9 9 9 9 9 9 9 9 4 4 2 2 2
 9 9 9 9 9 9 9 9 9 4 4 4 2 2 2
 9 9 9 9 9 9 9 9 9 9 4 4 2 3 3
 9 9 9 9 9 9 9 1 9 9 9 4 2 3 8
 9 9 9 9 9 9 8 3 3 9 9 9 3 3 3
 9 9 9 9 9 8 8 1 3 3 9 9 9 3 3
 9 9 9 9 8 8 1 1 1 3 3 9 9 9 3
 9 9 9 8 8 8 1 1 1 1 3 3 9 9 9
 9 9 8 8 8 8 3 1 1 8 3 3 3 9 9
# Turn information for samurai of side 0 with weapon 2
# <turn>
155
# <cure period>
0
# Samurai states: <position x> <position y> <hiding>
0 0 0
7 14 1
14 7 1
-1 -1 1
-1 -1 1
-1 -1 1
# Battle field states
 8 5 5 5 5 8 9 9 9 9 9 9 9 9 9
 8 5 5 5 5 9 9 9 9 9 9 9 9 9 9
 8 5 5 5 9 9 9 9 9 9 9 9 9 9 4
 8 5 5 9 9 9 9 9 9 9 9 9 9 4 4
 8 5 9 9 9 9 9 9 9 9 9 9 4 4 4
 8 9 9 9 9 9 9 9 9 9 9 4 4 2 2
 9 9 9 9 9 9 9 9 9 9 4 4 2 2 2
 9 9 9 9 9 9 9 9 9 4 4 4 2 2 2
 9 9 9 9 9 9 9 9 9 9 4 4 3 3 3
 9 9 9 9 9 9 9 1 9 9 9 4 3 3 8
 9 9 9 9 9 9 8 3 3 9 9 9 3 3 3
 9 9 9 9 9 8 8 1 3 3 9 9 9 3 3
 9 9 9 9 8 8 1 1 1 3 3 9 9 9 3
 9 9 9 5 8 8 1 1 1 1 3 3 9 9 9
 9 9 5 5 8 8 3 1 1 8 3 3 3 9 9
# Turn information for samurai of side 0 with weapon 2
# <turn>
160
# <cure period>
0
# Samurai states: <position x> <position y> <hiding>
0 1 0
7 14 1
13 7 1
-1 -1 1
-1 -1 1
-1 -1 1
# Battle field states
 8 5 5 5 5 9 9 9 9 9 9 9 9 9 9
 8 5 5 5 5 5 9 9 9 9 9 9 9 9 9
 8 5 5 5 5 9 9 9 9 9 9 9 9 4 9
 8 5 5 5 9 9 9 9 9 9 9 9 4 4 4
 8 5 5 9 9 9 9 9 9 9 9 4 4 4 4
 8 5 9 9 9 9 9 9 9 9 4 4 4 2 2
 8 9 9 9 9 9 9 9 9 4 4 4 2 2 2
 9 9 9 9 9 9 9 9 4 4 4 4 2 2 2
 9 9 9 9 9 9 9 9 9 4 4 4 3 3 3
 9 9 9 9 9 9 9 1 9 9 4 4 3 3 8
 9 9 9 9 9 9 8 3 3 9 9 3 3 3 3
 9 9 9 9 9 8 8 1 3 3 9 9 3 3 3
 9 9 9 9 8 8 1 1 1 3 3 9 9 3 9
 9 9 9 5 8 8 1 1 3 3 3 3 9 9 9
 9 9 5 5 8 8 3 1 1 8 3 3 3 9 9
# Turn information for samurai of side 0 with weapon 2
# <turn>
167
# <cure period>
0
# Samurai states: <position x> <position y> <hiding>
0 0 0
7 14 1
14 7 1
12 14 0
-1 -1 1
4 13 0
# Battle field states
 8 5 5 5 5 8 9 9 9 9 9 9 9 9 9
 8 5 5 5 5 9 9 9 9 9 9 9 9 9 9
 8 5 5 5 9 9 9 9 9 9 9 9 9 9 4
 8 5 5 9 9 9 9 9 9 9 9 9 9 4 4
 8 5 9 9 9 9 9 9 9 9 9 9 4 4 4
 8 9 9 9 9 9 9 9 9 9 9 4 4 2 2
 9 9 9 9 9 9 9 9 9 9 4 4 2 2 2
 9 9 9 9 9 9 9 9 9 4 4 4 2 2 2
 9 9 9 9 9 9 9 9 9 9 4 4 3 3 3
 9 9 9 9 9 9 9 1 9 9 9 4 3 3 8
 9 9 9 9 9 9 8 3 3 9 9 9 3 3 3
 9 9 9 9 9 8 8 1 3 3 9 9 9 3 3
 9 9 9 9 5 5 1 1 1 3 3 9 9 9 3
 9 9 9 5 5 5 1 1 3 3 3 3 9 9 9
 9 9 5 5 5 5 3 1 3 8 3 3 3 9 9
# Turn information for samurai of side 0 with weapon 2
# <turn>
172
# <cure period>
0
# Samurai states: <position x> <position y> <hiding>
1 0 0
0 14 0
14 7 1
-1 -1 1
-1 -1 1
4 13 0
# Battle field states
 8 5 5 5 5 8 5 9 9 9 9 9 9 9 9
 8 5 5 5 5 5 9 9 9 9 9 9 9 9 9
 8 5 5 5 5 9 9 9 9 9 9 9 9 9 4
 8 5 5 5 9 9 9 9 9 9 9 9 9 4 4
 8 5 5 9 9 9 9 9 9 9 9 9 4 4 4
 9 5 9 9 9 9 9 9 9 9 9 4 4 2 2
 9 9 9 9 9 9 9 9 9 9 4 4 2 2 2
 9 9 9 9 9 9 9 9 9 4 4 4 2 2 2
 9 9 9 9 9 9 9 9 9 9 4 4 3 3 3
 8 9 9 9 9 9 9 9 9 9 9 4 3 3 8
 8 5 9 9 9 9 9 9 9 9 9 9 3 3 3
 8 5 5 9 9 9 9 9 9 9 9 9 9 3 3
 8 5 5 5 9 9 9 9 9 9 9 9 9 9 3
 8 5 5 5 5 9 9 9 9 9 9 9 9 9 9
 8 5 5 5 5 5 9 9 9 9 9 9 9 9 9
# Turn information for samurai of side 0 with weapon 2
# <turn>
179
# <cure period>
0
# Samurai states: <position x> <position y> <hiding>
0 0 0
0 14 0
14 7 1
-1 -1 1
-1 -1 1
-1 -1 1
# Battle field states
 8 5 5 5 5 8 9 9 9 9 9 9 9 9 9
 8 5 5 5 5 9 9 9 9 9 9 9 9 9 9
 8 5 5 5 9 9 9 9 9 9 9 9 9 9 4
 8 5 5 9 9 9 9 9 9 9 9 9 9 4 4
 8 5 9 9 9 9 9 9 9 9 9 9 4 4 4
 8 9 9 9 9 9 9 9 9 9 9 4 4 2 2
 9 9 9 9 9 9 9 9 9 9 4 4 2 2 2
 9 9 9 9 9 9 9 9 9 4 4 4 2 2 2
 9 9 9 9 9 9 9 9 9 9 4 4 3 3 3
 8 9 9 9 9 9 9 9 9 9 9 4 3 3 8
 8 5 9 9 9 9 9 9 9 9 9 9 3 3 3
 8 5 5 9 9 9 9 9 9 9 9 9 9 3 3
 8 5 5 5 9 9 9 9 9 9 9 9 9 9 3
 8 5 5 5 5 9 9 9 9 9 9 9 9 9 9
 8 5 5 5 5 5 9 9 9 9 9 9 9 9 9
# Turn information for samurai of side 0 with weapon 2
# <turn>
184
# <cure period>
0
# Samurai states: <position x> <position y> <hiding>
1 0 0
0 14 0
14 6 1
-1 -1 1
-1 -1 1
-1 -1 1
# Battle field states
 8 5 5 5 5 8 5 9 9 9 9 9 9 9 9
 8 5 5 5 5 5 9 9 9 9 9 9 9 9 4
 8 5 5 5 5 9 9 9 9 9 9 9 9 4 4
 8 5 5 5 9 9 9 9 9 9 9 9 4 4 4
 8 5 5 9 9 9 9 9 9 9 9 4 4 4 4
 9 5 9 9 9 9 9 9 9 9 4 4 4 2 2
 9 9 9 9 9 9 9 9 9 4 4 4 2 2 2
 9 9 9 9 9 9 9 9 9 9 4 4 2 2 2
 9 9 9 9 9 9 9 9 9 9 9 4 3 3 3
 8 9 9 9 9 9 9 9 9 9 9 9 3 3 8
 8 5 9 9 9 9 9 9 9 9 9 9 9 3 3
 8 5 5 9 9 9 9 9 9 9 9 9 9 9 3
 8 5 5 5 9 9 9 9 9 9 9 9 9 9 9
 8 5 5 5 5 9 9 9 9 9 9 9 9 9 9
 8 5 5 5 5 5 9 9 9 9 9 9 9 9 9
# Turn information for samurai of side 0 with weapon 2
# <turn>
191
# <cure period>
0
# Samurai states: <position x> <position y> <hiding>
0 0 0
0 14 0
14 7 1
-1 -1 1
-1 -1 1
-1 -1 1
# Battle field states
 8 5 5 5 5 8 9 9 9 9 9 9 9 9 9
 8 5 5 5 5 9 9 9 9 9 9 9 9 9 9
 8 5 5 5 9 9 9 9 9 9 9 9 9 9 4
 8 5 5 9 9 9 9 9 9 9 9 9 9 4 4
 8 5 9 9 9 9 9 9 9 9 9 9 4 4 4
 8 9 9 9 9 9 9 9 9 9 9 4 4 2 2
 9 9 9 9 9 9 9 9 9 9 4 4 2 2 2
 9 9 9 9 9 9 9 9 9 4 4 4 2 2 2
 9 9 9 9 9 9 9 9 9 9 4 4 3 3 3
 8 9 9 9 9 9 9 9 9 9 9 4 3 3 8
 8 5 9 9 9 9 9 9 9 9 9 9 3 3 3
 8 5 5 9 9 9 9 9 9 9 9 9 9 3 3
 8 5 5 5 9 9 9 9 9 9 9 9 9 9 3
 8 5 5 5 5 9 9 9 9 9 9 9 9 9 9
 8 5 5 5 5 5 9 9 9 9 9 9 9 9 9
