# <# turns> <side> <weapon> <width> <height> <cure period>
192 0 1 15 15 20
# Home positions
0 5
0 14
9 14
14 9
14 0
5 0
# Ranks and scores of samurai
1 100
2 98
3 80
4 70
5 60
6 20
# Turn information for samurai of side 0 with weapon 1
# <turn>
3
# <cure period>
0
# Samurai states: <position x> <position y> <hiding>
0 5 0
0 14 0
9 14 0
-1 -1 1
-1 -1 1
-1 -1 1
# Battle field states
 8 9 9 9 9 9 9 9 9 9 9 9 9 9 9
 8 8 9 9 9 9 9 9 9 9 9 9 9 9 9
 8 8 8 9 9 9 9 9 9 9 9 9 9 9 9
 8 8 8 8 9 9 9 9 9 9 9 9 9 9 9
 8 8 8 8 8 9 9 9 9 9 9 9 9 9 9
 8 8 8 8 8 8 9 9 9 9 9 9 9 9 9
 0 8 8 8 8 9 9 9 9 9 9 9 9 9 9
 0 8 8 8 9 9 9 9 9 9 9 9 9 9 9
 0 8 8 9 9 9 9 9 9 9 9 9 9 9 9
 0 8 9 9 9 9 9 9 9 8 9 9 9 9 9
 8 8 9 9 9 9 9 9 8 8 8 9 9 9 9
 8 8 8 9 9 9 9 8 8 8 8 8 9 9 9
 8 8 8 8 9 9 8 8 8 8 8 8 8 9 9
 8 8 8 8 8 8 8 8 8 8 8 8 8 8 9
 8 8 8 8 8 8 8 8 8 8 8 8 8 8 8
# Turn information for samurai of side 0 with weapon 1
# <turn>
8
# <cure period>
0
# Samurai states: <position x> <position y> <hiding>
0 6 1
0 14 0
9 13 0
-1 -1 1
-1 -1 1
-1 -1 1
# Battle field states
 9 9 9 9 9 9 9 9 9 9 9 9 9 9 9
 8 9 9 9 9 9 9 9 9 9 9 9 9 9 9
 8 8 9 9 9 9 9 9 9 9 9 9 9 9 9
 8 8 8 9 9 9 9 9 9 9 9 9 9 9 9
 8 8 8 8 9 9 9 9 9 9 9 9 9 9 9
 8 0 0 0 0 9 9 9 9 9 9 9 9 9 9
 0 8 8 8 8 8 9 9 9 9 9 9 9 9 9
 0 8 8 8 8 9 9 9 9 9 9 9 9 9 9
 0 8 8 8 9 9 9 9 9 8 9 9 9 9 9
 0 8 8 9 9 9 9 9 8 8 8 9 9 9 9
 8 8 9 9 9 9 9 8 8 8 8 8 9 9 9
 8 8 8 9 9 9 8 8 8 8 8 8 8 9 9
 1 8 8 8 9 8 8 8 2 2 2 8 8 8 9
 1 1 8 8 8 8 8 8 2 8 2 8 8 8 3
 8 1 1 8 8 8 8 8 2 8 2 8 8 8 9
# Turn information for samurai of side 0 with weapon 1
# <turn>
15
# <cure period>
0
# Samurai states: <position x> <position y> <hiding>
0 6 1
1 14 1
10 13 1
-1 -1 1
-1 -1 1
-1 -1 1
# Battle field states
 9 9 9 9 9 9 9 9 9 9 9 9 9 9 9
 8 9 9 9 9 9 9 9 9 9 9 9 9 9 9
 8 8 9 9 9 9 9 9 9 9 9 9 9 9 9
 8 8 8 9 9 9 9 9 9 9 9 9 9 9 9
 8 8 8 8 9 9 9 9 9 9 9 9 9 9 9
 8 0 0 0 0 9 9 9 9 9 9 9 9 9 9
 0 0 0 0 0 8 9 9 9 9 9 9 9 9 9
 0 8 8 8 8 9 9 9 9 9 9 9 9 9 9
 0 8 8 8 9 9 9 9 9 9 8 9 9 9 9
 0 8 8 9 9 9 9 9 9 8 8 8 9 9 9
 8 8 8 9 9 9 9 9 8 8 8 8 8 9 9
 8 8 8 8 9 9 9 8 8 8 3 3 3 3 9
 1 1 8 8 8 9 8 8 2 2 2 2 8 8 3
 1 1 1 8 8 8 8 8 2 2 2 2 8 8 3
 8 1 1 1 8 8 8 8 2 8 2 2 8 8 3
# Turn information for samurai of side 0 with weapon 1
# <turn>
20
# <cure period>
0
# Samurai states: <position x> <position y> <hiding>
0 7 0
2 14 0
11 13 0
13 11 0
-1 -1 1
-1 -1 1
# Battle field states
 9 9 9 9 9 9 9 9 9 9 9 9 9 9 9
 9 9 9 9 9 9 9 9 9 9 9 9 9 9 9
 8 9 9 9 9 9 9 9 9 9 9 9 9 9 9
 8 8 9 9 9 9 9 9 9 9 9 9 9 9 9
 8 8 8 9 9 9 9 9 9 9 9 9 9 9 9
 8 0 0 0 9 9 9 9 9 9 9 9 9 9 9
 0 0 0 0 0 9 9 9 9 9 9 9 9 9 9
 0 0 0 0 0 8 9 9 9 9 9 9 9 9 9
 0 8 8 8 8 9 9 9 9 9 9 8 9 9 9
 0 8 8 8 9 9 9 9 9 9 8 8 8 9 9
 8 8 8 8 9 9 9 9 9 8 8 8 8 3 9
 8 8 8 8 8 9 9 9 8 8 3 3 3 3 3
 1 1 1 8 8 8 9 8 2 2 2 2 2 8 3
 1 1 1 1 8 8 8 8 2 2 2 2 2 8 3
 8 1 1 1 1 8 8 8 2 8 2 2 2 8 3
# Turn information for samurai of side 0 with weapon 1
# <turn>
27
# <cure period>
0
# Samurai states: <position x> <position y> <hiding>
0 8 1
3 14 1
12 13 1
-1 -1 1
-1 -1 1
-1 -1 1
# Battle field states
 9 9 9 9 9 9 9 9 9 9 9 9 9 9 9
 9 9 9 9 9 9 9 9 9 9 9 9 9 9 9
 9 9 9 9 9 9 9 9 9 9 9 9 9 9 9
 8 9 9 9 9 9 9 9 9 9 9 9 9 9 9
 8 8 9 9 9 9 9 9 9 9 9 9 9 9 9
 8 0 0 9 9 9 9 9 9 9 9 9 9 9 9
 0 0 0 0 9 9 9 9 9 9 9 9 9 9 9
 0 0 0 0 0 9 9 9 9 9 9 9 9 9 9
 0 0 0 0 0 8 9 9 9 9 9 9 8 9 9
 0 8 8 8 8 9 9 9 9 9 9 8 8 3 9
 8 8 8 8 8 9 9 9 9 9 3 3 3 3 8
 8 8 8 8 8 8 9 9 9 8 3 3 3 3 3
 1 1 1 1 8 8 8 9 2 2 2 2 2 2 3
 1 1 1 1 1 8 8 8 2 2 2 2 2 2 3
 8 1 1 1 1 1 8 8 2 8 2 2 2 2 3
# Turn information for samurai of side 0 with weapon 1
# <turn>
32
# <cure period>
0
# Samurai states: <position x> <position y> <hiding>
0 9 0
4 14 0
13 13 0
12 10 0
-1 -1 1
-1 -1 1
# Battle field states
 9 9 9 9 9 9 9 9 9 9 9 9 9 9 9
 9 9 9 9 9 9 9 9 9 9 9 9 9 9 9
 9 9 9 9 9 9 9 9 9 9 9 9 9 9 9
 9 9 9 9 9 9 9 9 9 9 9 9 9 9 9
 8 9 9 9 9 9 9 9 9 9 9 9 9 9 9
 8 0 9 9 9 9 9 9 9 9 9 9 9 9 9
 0 0 0 9 9 9 9 9 9 9 9 9 9 9 9
 0 0 0 0 9 9 9 9 9 9 9 9 9 9 9
 0 0 0 0 0 9 9 9 9 9 9 9 9 3 9
 0 0 0 0 0 8 9 9 9 9 9 9 3 3 8
 8 8 8 8 8 8 9 9 9 9 9 3 3 3 8
 8 8 8 8 8 8 8 9 9 9 3 3 3 3 3
 1 1 1 1 1 8 8 8 9 2 2 2 2 2 2
 1 1 1 1 1 1 8 8 2 2 2 2 2 2 2
 8 1 1 1 1 1 1 8 2 8 2 2 2 2 2
# Turn information for samurai of side 0 with weapon 1
# <turn>
39
# <cure period>
0
# Samurai states: <position x> <position y> <hiding>
0 10 0
5 14 1
13 12 1
-1 -1 1
-1 -1 1
-1 -1 1
# Battle field states
 9 9 9 9 9 9 9 9 9 9 9 9 9 9 9
 9 9 9 9 9 9 9 9 9 9 9 9 9 9 9
 9 9 9 9 9 9 9 9 9 9 9 9 9 9 9
 9 9 9 9 9 9 9 9 9 9 9 9 9 9 9
 9 9 9 9 9 9 9 9 9 9 9 9 9 9 9
 8 9 9 9 9 9 9 9 9 9 9 9 9 9 9
 0 0 9 9 9 9 9 9 9 9 9 9 9 9 9
 0 0 0 9 9 9 9 9 9 9 9 9 9 3 9
 0 0 0 0 9 9 9 9 9 9 9 9 3 3 3
 0 0 0 0 0 8 9 9 9 9 9 8 3 3 8
 8 0 0 0 0 8 8 9 9 9 3 3 3 3 8
 8 8 8 8 8 8 8 8 9 8 3 3 3 2 2
 1 1 1 1 1 1 8 8 2 2 2 2 3 2 2
 1 1 1 1 1 1 1 8 2 2 2 2 3 2 2
 8 1 1 1 1 1 1 1 2 8 2 2 3 2 2
# Turn information for samurai of side 0 with weapon 1
# <turn>
44
# <cure period>
0
# Samurai states: <position x> <position y> <hiding>
0 11 0
5 13 0
13 11 0
14 9 0
-1 -1 1
-1 -1 1
# Battle field states
 9 9 9 9 9 9 9 9 9 9 9 9 9 9 9
 9 9 9 9 9 9 9 9 9 9 9 9 9 9 9
 9 9 9 9 9 9 9 9 9 9 9 9 9 9 9
 9 9 9 9 9 9 9 9 9 9 9 9 9 9 9
 9 9 9 9 9 9 9 9 9 9 9 9 9 9 9
 9 9 9 9 9 9 9 9 9 9 9 9 9 9 9
 0 9 9 9 9 9 9 9 9 9 9 9 9 8 9
 0 0 9 9 9 9 9 9 9 9 9 9 3 3 3
 0 0 0 9 9 8 9 9 9 9 9 8 3 3 3
 0 0 0 0 0 8 8 9 9 9 8 8 3 3 8
 8 0 0 0 0 8 8 8 9 3 3 3 2 2 2
 8 0 0 0 0 1 8 8 8 8 3 3 2 2 2
 1 1 1 1 1 1 1 8 2 2 2 2 2 2 2
 1 1 1 1 1 1 1 1 2 2 2 2 3 2 2
 8 1 1 1 1 1 1 1 2 8 9 2 3 2 2
# Turn information for samurai of side 0 with weapon 1
# <turn>
51
# <cure period>
0
# Samurai states: <position x> <position y> <hiding>
0 12 1
5 12 1
13 10 1
14 9 0
-1 -1 1
-1 -1 1
# Battle field states
 9 9 9 9 9 9 9 9 9 9 9 9 9 9 9
 9 9 9 9 9 9 9 9 9 9 9 9 9 9 9
 9 9 9 9 9 9 9 9 9 9 9 9 9 9 9
 9 9 9 9 9 9 9 9 9 9 9 9 9 9 9
 9 9 9 9 9 9 9 9 9 9 9 9 9 9 9
 9 9 9 9 9 9 9 9 9 9 9 9 9 8 9
 9 9 9 9 9 9 9 9 9 9 9 9 3 8 3
 0 9 9 9 9 8 9 9 9 9 9 8 3 3 3
 0 0 9 9 0 8 8 9 9 9 8 8 3 3 3
 0 0 0 0 0 8 8 8 9 8 8 8 2 2 8
 0 0 0 0 0 1 8 8 8 3 3 3 2 2 2
 0 0 0 0 0 1 1 8 8 8 3 3 2 2 2
 1 1 1 1 1 1 1 1 2 2 2 2 2 2 2
 1 1 1 1 1 1 1 1 2 2 9 2 3 2 2
 8 1 1 1 1 1 1 1 2 9 9 9 3 2 2
# Turn information for samurai of side 0 with weapon 1
# <turn>
56
# <cure period>
0
# Samurai states: <position x> <position y> <hiding>
0 12 1
5 11 0
13 9 0
14 9 0
-1 -1 1
-1 -1 1
# Battle field states
 9 9 9 9 9 9 9 9 9 9 9 9 9 9 9
 9 9 9 9 9 9 9 9 9 9 9 9 9 9 9
 9 9 9 9 9 9 9 9 9 9 9 9 9 9 9
 9 9 9 9 9 9 9 9 9 9 9 9 9 9 9
 9 9 9 9 9 9 9 9 9 9 9 9 9 8 9
 9 9 9 9 9 9 9 9 9 9 9 9 8 8 3
 9 9 9 9 9 5 9 9 9 9 9 8 3 8 3
 0 9 9 9 5 5 8 9 9 9 8 8 3 3 3
 0 0 9 0 0 8 8 8 9 8 8 8 2 2 2
 0 0 0 0 0 1 8 8 8 8 8 8 2 2 8
 0 0 0 0 0 1 1 8 8 3 3 3 2 2 2
 0 0 0 0 0 1 1 1 8 8 3 3 2 2 2
 1 0 0 0 0 1 1 1 2 2 9 2 2 2 2
 1 1 1 1 1 1 1 1 2 9 9 9 3 2 2
 8 1 1 1 1 1 1 1 9 9 9 9 9 2 9
# Turn information for samurai of side 0 with weapon 1
# <turn>
63
# <cure period>
0
# Samurai states: <position x> <position y> <hiding>
0 13 0
6 11 1
9 14 0
-1 -1 1
-1 -1 1
-1 -1 1
# Battle field states
 9 9 9 9 9 9 9 9 9 9 9 9 9 9 9
 9 9 9 9 9 9 9 9 9 9 9 9 9 9 9
 9 9 9 9 9 9 9 9 9 9 9 9 9 9 9
 9 9 9 9 9 9 9 9 9 9 9 9 9 9 9
 9 9 9 9 9 9 9 9 9 9 9 9 9 9 9
 9 9 9 9 9 9 9 9 9 9 9 9 9 9 9
 9 9 9 9 9 9 5 9 9 9 9 9 9 9 9
 9 9 9 9 9 5 8 8 9 9 9 9 9 9 9
 0 9 9 9 0 8 8 8 8 9 9 9 9 9 9
 0 0 9 0 0 1 1 8 8 8 9 9 9 9 9
 0 0 0 0 0 1 1 1 8 3 3 9 9 9 9
 0 0 0 0 0 1 1 1 1 8 3 3 9 9 9
 1 0 0 0 0 1 1 1 2 2 2 2 2 9 9
 1 0 0 0 0 1 1 1 2 2 2 2 3 2 9
 8 1 1 1 1 1 1 1 2 8 2 2 3 2 2
# Turn information for samurai of side 0 with weapon 1
# <turn>
68
# <cure period>
0
# Samurai states: <position x> <position y> <hiding>
1 13 1
7 11 0
9 14 0
-1 -1 1
-1 -1 1
-1 -1 1
# Battle field states
 9 9 9 9 9 9 9 9 9 9 9 9 9 9 9
 9 9 9 9 9 9 9 9 9 9 9 9 9 9 9
 9 9 9 9 9 9 9 9 9 9 9 9 9 9 9
 9 9 9 9 9 9 9 9 9 9 9 9 9 9 9
 9 9 9 9 9 9 9 9 9 9 9 9 9 9 9
 9 9 9 9 9 9 9 9 9 9 9 9 9 9 9
 9 9 9 9 9 9 9 5 9 9 9 9 9 9 9
 9 9 9 9 9 9 8 8 8 9 9 9 9 9 9
 9 0 9 9 9 8 8 8 8 8 9 9 9 9 9
 0 0 0 9 0 1 1 1 8 3 3 9 9 9 9
 0 0 0 0 0 1 1 1 1 3 3 3 9 9 9
 0 0 0 0 0 1 1 1 1 1 3 3 2 9 9
 0 0 0 0 0 1 1 1 2 2 2 2 2 9 9
 1 0 0 0 0 1 1 1 2 2 2 2 3 2 9
 8 1 1 1 1 1 1 1 2 8 2 2 3 2 2
# Turn information for samurai of side 0 with weapon 1
# <turn>
75
# <cure period>
0
# Samurai states: <position x> <position y> <hiding>
1 12 0
8 11 1
9 14 0
-1 -1 1
8 6 0
-1 -1 1
# Battle field states
 9 9 9 9 9 9 9 9 9 9 9 9 9 9 9
 9 9 9 9 9 9 9 9 9 9 9 9 9 9 9
 9 9 9 9 9 9 9 9 9 9 9 9 9 9 9
 9 9 9 9 9 9 9 9 9 9 9 9 9 9 9
 9 9 9 9 9 9 9 9 9 9 9 9 9 9 9
 9 9 9 9 9 9 9 9 9 9 9 9 9 9 9
 9 9 9 9 9 9 9 9 4 9 9 9 9 9 9
 9 5 9 9 9 9 9 4 4 4 9 9 9 9 9
 0 0 5 9 9 9 8 8 4 4 8 9 9 9 9
 0 0 0 0 9 1 1 1 1 3 3 3 9 9 9
 0 0 0 0 0 1 1 1 1 1 3 3 2 9 9
 0 0 0 0 0 1 1 1 1 1 1 3 2 3 9
 0 0 0 0 0 1 1 1 2 2 2 2 2 9 9
 1 0 0 0 0 1 1 1 2 2 2 2 3 2 9
 8 1 1 1 1 1 1 1 2 8 2 2 3 2 2
# Turn information for samurai of side 0 with weapon 1
# <turn>
80
# <cure period>
0
# Samurai states: <position x> <position y> <hiding>
1 11 1
9 11 0
9 14 0
-1 -1 1
-1 -1 1
-1 -1 1
# Battle field states
 9 9 9 9 9 9 9 9 9 9 9 9 9 9 9
 9 9 9 9 9 9 9 9 9 9 9 9 9 9 9
 9 9 9 9 9 9 9 9 9 9 9 9 9 9 9
 9 9 9 9 9 9 9 9 9 9 9 9 9 9 9
 9 9 9 9 9 9 9 9 9 9 9 9 9 9 9
 9 9 9 9 9 9 9 9 9 9 9 9 9 9 9
 9 5 9 9 9 9 9 9 9 4 9 9 9 9 9
 5 0 5 9 9 9 9 9 4 4 4 9 9 9 9
 5 0 5 5 9 9 9 8 4 3 3 3 9 9 9
 0 0 0 0 0 9 1 1 1 1 3 3 3 9 9
 0 0 0 0 0 1 1 1 1 1 1 3 2 3 9
 0 0 0 0 0 1 1 1 1 1 1 1 2 3 2
 0 0 0 0 0 1 1 1 2 2 2 2 2 3 9
 1 0 0 0 0 1 1 1 2 2 2 2 3 2 9
 8 1 1 1 1 1 1 1 2 8 2 2 3 2 2
# Turn information for samurai of side 0 with weapon 1
# <turn>
87
# <cure period>
0
# Samurai states: <position x> <position y> <hiding>
2 11 0
9 10 1
8 14 1
12 8 0
9 7 0
-1 -1 1
# Battle field states
 9 9 9 9 9 9 9 9 9 9 9 9 9 9 9
 9 9 9 9 9 9 9 9 9 9 9 9 9 9 9
 9 9 9 9 9 9 9 9 9 9 9 9 9 9 9
 9 9 9 9 9 9 9 9 9 9 9 9 9 9 9
 9 9 9 9 9 9 9 9 9 9 9 9 9 9 9
 9 9 9 9 9 9 9 9 9 4 9 9 9 9 9
 9 9 5 9 9 9 9 9 4 4 4 9 9 9 9
 9 0 0 5 9 9 9 4 4 4 4 4 9 9 9
 5 0 0 5 0 9 8 4 4 4 4 3 3 9 9
 0 0 0 0 0 1 1 1 4 4 1 3 3 3 9
 0 0 0 0 0 1 1 1 1 1 1 1 3 3 2
 0 0 0 0 0 1 1 1 1 1 1 1 3 3 9
 0 0 0 0 0 1 1 1 2 2 2 2 3 9 9
 1 0 0 0 0 1 1 2 2 2 2 2 3 9 9
 8 1 1 1 1 1 1 2 2 8 2 2 3 2 9
# Turn information for samurai of side 0 with weapon 1
# <turn>
92
# <cure period>
0
# Samurai states: <position x> <position y> <hiding>
3 11 1
9 9 0
7 14 0
-1 -1 1
-1 -1 1
-1 -1 1
# Battle field states
 9 9 9 9 9 9 9 9 9 9 9 9 9 9 9
 9 9 9 9 9 9 9 9 9 9 9 9 9 9 9
 9 9 9 9 9 9 9 9 9 9 9 9 9 9 9
 9 9 9 9 9 9 9 9 9 9 9 9 9 9 9
 9 9 9 9 9 9 9 9 9 4 9 9 9 9 9
 9 9 9 9 9 9 9 9 4 4 4 9 9 9 9
 9 9 9 5 9 9 9 4 4 4 4 4 9 9 9
 9 9 0 0 5 9 4 4 4 1 4 4 2 9 9
 9 0 0 0 0 8 8 4 4 1 1 3 3 3 9
 0 0 0 0 0 1 1 1 4 4 1 3 3 3 8
 0 0 0 0 0 1 1 1 1 1 1 3 3 3 9
 0 0 0 0 0 1 1 1 1 1 1 3 3 9 9
 0 0 0 0 0 1 1 1 2 2 2 3 9 9 9
 1 0 0 0 0 1 2 2 2 2 2 2 9 9 9
 9 1 1 1 1 1 2 2 2 8 2 2 3 9 9
# Turn information for samurai of side 0 with weapon 1
# <turn>
99
# <cure period>
0
# Samurai states: <position x> <position y> <hiding>
4 11 0
10 9 1
7 13 1
14 9 0
-1 -1 1
-1 -1 1
# Battle field states
 9 9 9 9 9 9 9 9 9 9 9 9 9 9 9
 9 9 9 9 9 9 9 9 9 9 9 9 9 9 9
 9 9 9 9 9 9 9 9 9 9 9 9 9 9 9
 9 9 9 9 9 9 9 9 9 9 9 9 9 9 9
 9 9 9 9 9 9 9 9 9 9 4 9 9 9 9
 9 9 9 9 9 9 9 9 9 4 4 4 9 9 9
 9 9 9 9 5 9 9 9 4 4 4 4 3 9 9
 9 9 9 0 0 5 9 4 4 1 1 4 2 3 9
 9 9 0 0 0 8 8 4 4 1 1 1 3 3 2
 9 0 0 0 0 1 1 1 4 4 1 1 1 3 8
 0 0 0 0 0 1 1 1 1 1 1 3 3 3 2
 0 0 0 0 0 1 1 1 1 1 1 3 3 3 9
 0 0 0 0 0 1 2 2 2 2 2 3 3 9 9
 9 0 0 0 0 1 2 2 2 2 2 2 3 9 9
 9 9 1 1 1 1 2 2 2 8 2 2 9 9 9
# Turn information for samurai of side 0 with weapon 1
# <turn>
104
# <cure period>
0
# Samurai states: <position x> <position y> <hiding>
5 11 1
11 9 0
7 12 0
14 9 0
-1 -1 1
-1 -1 1
# Battle field states
 9 9 9 9 9 9 9 9 9 9 9 9 9 9 9
 9 9 9 9 9 9 9 9 9 9 9 9 9 9 9
 9 9 9 9 9 9 9 9 9 9 9 9 9 9 9
 9 9 9 9 9 9 9 9 9 9 9 9 9 9 9
 9 9 9 9 9 9 9 9 9 9 9 4 9 9 9
 9 9 9 9 9 9 9 9 9 9 4 4 8 9 9
 9 9 9 9 9 5 9 9 9 4 4 4 3 3 9
 9 9 9 9 0 0 4 4 4 1 1 4 2 3 2
 9 9 9 0 0 0 8 4 4 1 1 1 3 3 2
 9 9 0 0 0 0 1 1 4 4 1 1 1 1 8
 9 0 0 0 0 0 1 1 1 1 1 1 1 3 2
 0 0 0 0 0 1 2 2 2 1 1 1 3 3 2
 9 0 0 0 0 1 2 2 2 2 2 3 3 3 9
 9 9 0 0 0 1 2 2 2 2 2 2 3 9 9
 9 9 9 1 1 1 2 2 2 8 2 2 9 9 9
# Turn information for samurai of side 0 with weapon 1
# <turn>
111
# <cure period>
0
# Samurai states: <position x> <position y> <hiding>
6 11 0
11 8 1
7 11 1
14 9 0
-1 -1 1
-1 -1 1
# Battle field states
 9 9 9 9 9 9 9 9 9 9 9 9 9 9 9
 9 9 9 9 9 9 9 9 9 9 9 9 9 9 9
 9 9 9 9 9 9 9 9 9 9 9 9 9 9 9
 9 9 9 9 9 9 9 9 9 9 9 4 9 9 9
 9 9 9 9 9 9 9 9 9 9 4 4 4 9 9
 9 9 9 9 9 9 9 9 9 4 4 4 8 3 9
 9 9 9 9 9 9 4 4 4 4 4 1 3 3 3
 9 9 9 9 9 0 0 4 4 1 1 1 1 3 2
 9 9 9 9 0 0 0 4 4 1 1 1 1 1 2
 9 9 9 0 0 0 0 1 4 4 1 1 1 1 8
 9 9 0 0 0 0 0 2 2 1 1 1 1 3 2
 9 0 0 0 0 1 2 2 2 1 1 1 3 3 9
 9 9 0 0 0 1 2 2 2 2 2 3 3 9 9
 9 9 9 0 0 1 2 2 2 2 2 2 9 9 9
 9 9 9 9 1 1 2 2 2 8 9 9 9 9 9
# Turn information for samurai of side 0 with weapon 1
# <turn>
116
# <cure period>
0
# Samurai states: <position x> <position y> <hiding>
7 11 1
11 7 0
7 10 0
14 8 0
-1 -1 1
-1 -1 1
# Battle field states
 9 9 9 9 9 9 9 9 9 9 9 9 9 9 9
 9 9 9 9 9 9 9 9 9 9 9 9 9 9 9
 9 9 9 9 9 9 9 9 9 9 9 4 9 9 9
 9 9 9 9 9 9 9 9 9 9 4 4 4 9 9
 9 9 9 9 9 9 9 9 9 4 4 4 4 8 9
 9 9 9 9 9 9 9 4 4 4 4 1 8 3 3
 9 9 9 9 9 9 4 4 4 4 4 1 1 3 3
 9 9 9 9 9 0 0 0 4 1 1 1 1 1 2
 9 9 9 9 0 0 0 0 4 1 1 1 1 1 2
 9 9 9 0 0 0 2 0 2 4 3 3 3 3 8
 9 9 0 0 0 0 2 0 2 1 1 1 1 3 9
 9 9 0 0 0 1 2 2 2 1 1 1 3 9 9
 9 9 9 0 0 1 2 2 2 2 2 3 9 9 9
 9 9 9 9 0 1 2 2 2 2 2 9 9 9 9
 9 9 9 9 9 1 2 2 2 8 9 9 9 9 9
# Turn information for samurai of side 0 with weapon 1
# <turn>
123
# <cure period>
0
# Samurai states: <position x> <position y> <hiding>
8 11 0
11 6 1
8 10 1
-1 -1 1
-1 -1 1
-1 -1 1
# Battle field states
 9 9 9 9 9 9 9 9 9 9 9 9 9 9 9
 9 9 9 9 9 9 9 9 9 9 9 4 9 9 9
 9 9 9 9 9 9 9 9 9 9 4 4 4 9 9
 9 9 9 9 9 9 9 9 9 4 4 4 4 4 9
 9 9 9 9 9 9 9 9 4 4 4 1 4 8 8
 9 9 9 9 9 9 9 4 4 4 1 1 8 3 3
 9 9 9 9 9 9 4 4 4 1 1 1 1 3 3
 9 9 9 9 9 9 0 0 0 1 1 1 1 1 2
 9 9 9 9 9 0 0 0 0 1 1 1 1 1 2
 9 9 9 9 0 0 2 2 0 2 3 3 3 3 9
 9 9 9 0 0 0 2 2 0 2 1 1 1 3 9
 9 9 9 0 0 1 2 2 2 2 1 1 3 3 9
 9 9 9 9 0 1 2 2 2 2 2 3 3 9 9
 9 9 9 9 9 1 2 2 2 2 2 2 9 9 9
 9 9 9 9 9 9 2 2 2 8 2 9 9 9 9
# Turn information for samurai of side 0 with weapon 1
# <turn>
128
# <cure period>
0
# Samurai states: <position x> <position y> <hiding>
8 12 1
12 6 0
9 10 0
-1 -1 1
-1 -1 1
-1 -1 1
# Battle field states
 9 9 9 9 9 9 9 9 9 9 9 9 9 9 9
 9 9 9 9 9 9 9 9 9 9 9 9 4 9 9
 9 9 9 9 9 9 9 9 9 9 9 4 4 4 9
 9 9 9 9 9 9 9 9 9 9 4 4 4 4 4
 9 9 9 9 9 9 9 9 9 4 4 1 1 8 8
 9 9 9 9 9 9 9 9 4 4 1 1 1 3 3
 9 9 9 9 9 9 9 4 4 1 1 1 1 3 1
 9 9 9 9 9 9 9 0 0 1 1 1 1 3 2
 9 9 9 9 9 9 0 0 0 1 1 1 1 3 2
 9 9 9 9 9 0 2 2 2 2 2 3 3 3 8
 9 9 9 9 0 0 2 2 2 2 2 1 1 3 3
 9 9 9 9 0 1 2 2 2 2 2 1 3 3 9
 9 9 9 0 0 1 2 2 2 0 0 0 0 3 9
 9 9 9 9 0 1 2 2 2 2 2 2 3 9 9
 9 9 9 9 9 1 2 2 2 8 2 2 9 9 9
# Turn information for samurai of side 0 with weapon 1
# <turn>
135
# <cure period>
0
# Samurai states: <position x> <position y> <hiding>
8 13 0
12 5 1
10 10 1
14 9 0
-1 -1 1
-1 -1 1
# Battle field states
 9 9 9 9 9 9 9 9 9 9 9 9 4 9 9
 9 9 9 9 9 9 9 9 9 9 9 4 4 4 9
 9 9 9 9 9 9 9 9 9 9 4 4 4 4 4
 9 9 9 9 9 9 9 9 9 4 4 4 4 4 4
 9 9 9 9 9 9 9 9 4 4 4 1 1 4 4
 9 9 9 9 9 9 9 4 4 4 1 1 1 1 4
 9 9 9 9 9 9 9 9 4 1 1 1 1 3 3
 9 9 9 9 9 9 9 9 0 1 1 1 1 3 3
 9 9 9 9 9 9 9 0 0 1 1 1 1 3 3
 9 9 9 9 9 9 2 2 2 2 2 2 3 3 8
 9 9 9 9 9 0 2 2 2 2 2 2 1 3 3
 9 9 9 9 9 1 2 2 2 2 2 2 3 3 3
 9 9 9 9 0 1 2 2 2 0 0 0 0 3 9
 9 9 9 0 0 1 2 2 2 0 0 0 0 2 9
 9 9 9 9 1 1 2 2 2 8 2 2 3 9 9
# Turn information for samurai of side 0 with weapon 1
# <turn>
140
# <cure period>
0
# Samurai states: <position x> <position y> <hiding>
8 14 1
12 4 0
11 10 0
-1 -1 1
-1 -1 1
-1 -1 1
# Battle field states
 9 9 9 9 9 9 9 9 9 9 9 4 4 4 9
 9 9 9 9 9 9 9 9 9 9 4 4 4 4 4
 9 9 9 9 9 9 9 9 9 4 4 4 1 4 4
 9 9 9 9 9 9 9 9 4 4 4 4 1 1 4
 9 9 9 9 9 9 9 4 4 4 4 1 1 1 1
 9 9 9 9 9 9 9 9 4 4 1 1 1 1 4
 9 9 9 9 9 9 9 9 9 1 1 1 1 3 3
 9 9 9 9 9 9 9 9 9 1 1 1 1 3 3
 9 9 9 9 9 9 9 9 0 1 1 1 1 3 3
 9 9 9 9 9 9 9 2 2 3 3 3 3 3 8
 9 9 9 9 9 9 2 2 2 2 2 2 2 3 3
 9 9 9 9 9 9 2 2 2 2 2 2 2 3 3
 9 9 9 9 9 1 2 2 2 0 0 0 0 3 3
 9 9 9 9 0 1 2 2 2 0 0 0 0 2 9
 9 9 9 1 1 1 2 2 2 8 0 0 0 2 9
# Turn information for samurai of side 0 with weapon 1
# <turn>
147
# <cure period>
0
# Samurai states: <position x> <position y> <hiding>
8 14 1
11 4 1
12 10 1
14 9 0
-1 -1 1
-1 -1 1
# Battle field states
 9 9 9 9 9 9 9 9 9 9 4 4 4 9 9
 9 9 9 9 9 9 9 9 9 4 4 4 4 4 9
 9 9 9 9 9 9 9 9 4 4 4 4 4 4 4
 9 9 9 9 9 9 9 5 4 4 1 4 4 4 4
 9 9 9 9 9 9 5 4 4 1 1 1 4 4 1
 9 9 9 9 9 9 9 4 4 4 1 1 1 4 4
 9 9 9 9 9 9 9 9 4 1 1 1 1 3 3
 9 9 9 9 9 9 9 9 9 1 1 1 1 3 3
 9 9 9 9 9 9 9 9 9 1 1 1 1 3 3
 9 9 9 9 9 9 9 9 2 3 3 2 2 2 8
 9 9 9 9 9 9 9 2 0 2 2 2 2 2 3
 9 9 9 9 9 9 2 2 0 2 2 2 2 2 3
 9 9 9 9 9 1 2 2 0 0 0 0 0 3 3
 9 9 9 9 0 1 2 2 0 0 0 0 0 2 3
 9 9 9 1 1 1 2 2 2 8 0 0 0 2 9
# Turn information for samurai of side 0 with weapon 1
# <turn>
152
# <cure period>
0
# Samurai states: <position x> <position y> <hiding>
8 14 1
11 4 1
13 10 0
14 9 0
-1 -1 1
-1 -1 1
# Battle field states
 9 9 9 9 9 9 9 9 9 9 4 4 4 9 9
 9 9 9 9 9 9 9 9 9 4 4 4 4 4 9
 9 9 9 9 9 9 9 9 4 4 4 1 4 4 4
 9 9 9 9 9 9 9 5 4 4 1 1 1 4 4
 9 9 9 9 9 9 5 4 4 1 1 1 1 1 1
 9 9 9 9 9 9 9 4 4 4 1 1 1 4 4
 9 9 9 9 9 9 9 9 4 1 1 1 1 3 3
 9 9 9 9 9 9 9 9 9 1 1 1 1 3 3
 9 9 9 9 9 9 9 9 9 9 1 1 1 3 3
 9 9 9 9 9 9 9 9 2 3 3 2 2 2 8
 9 9 9 9 9 9 9 2 0 2 2 2 2 2 2
 9 9 9 9 9 9 2 2 0 2 2 2 2 2 2
 9 9 9 9 9 1 2 2 0 0 0 0 0 3 3
 9 9 9 9 0 1 2 2 0 0 0 0 0 2 3
 9 9 9 1 0 0 0 0 2 8 0 0 0 2 2
# Turn information for samurai of side 0 with weapon 1
# <turn>
159
# <cure period>
19
# Samurai states: <position x> <position y> <hiding>
7 14 0
0 14 0
13 11 1
14 9 0
-1 -1 1
-1 -1 1
# Battle field states
 9 9 9 9 9 9 9 9 9 9 9 9 9 9 9
 9 9 9 9 9 9 9 9 9 9 9 9 9 9 9
 9 9 9 9 9 9 9 9 9 9 9 9 9 9 9
 9 9 9 9 9 9 9 9 9 9 9 9 9 9 9
 9 9 9 9 9 9 9 9 9 9 9 9 9 9 9
 9 9 9 9 9 9 9 9 9 9 9 9 9 9 9
 9 9 9 9 9 9 9 9 9 9 9 9 9 3 9
 9 9 9 9 9 9 9 9 9 9 9 9 1 3 3
 9 9 9 9 9 9 9 9 9 9 9 1 1 3 3
 0 9 9 9 9 9 9 2 9 9 3 2 2 2 8
 0 0 9 9 9 9 2 0 0 2 2 2 2 2 2
 0 0 0 9 9 1 2 0 0 2 2 2 2 2 2
 0 0 0 0 0 1 2 0 0 0 0 0 2 2 2
 1 0 0 0 0 1 2 0 0 0 0 0 0 2 3
 8 1 1 1 0 0 0 0 2 8 0 0 0 2 2
# Turn information for samurai of side 0 with weapon 1
# <turn>
164
# <cure period>
14
# Samurai states: <position x> <position y> <hiding>
6 14 1
0 14 0
13 12 0
14 9 0
-1 -1 1
-1 -1 1
# Battle field states
 9 9 9 9 9 9 9 9 9 9 9 9 9 9 9
 9 9 9 9 9 9 9 9 9 9 9 9 9 9 9
 9 9 9 9 9 9 9 9 9 9 9 9 9 9 9
 9 9 9 9 9 9 9 9 9 9 9 9 9 9 9
 9 9 9 9 9 9 9 9 9 9 9 9 9 9 9
 9 9 9 9 9 9 9 9 9 9 9 9 9 9 9
 9 9 9 9 9 9 9 9 9 9 9 9 9 9 9
 9 9 9 9 9 9 9 9 9 9 9 9 9 3 9
 9 9 9 9 9 9 9 9 9 9 9 9 1 3 3
 0 9 9 9 9 9 2 9 9 9 9 2 2 2 8
 0 0 9 9 9 0 0 0 9 9 2 2 2 2 2
 0 0 0 9 0 1 0 0 0 2 2 2 2 2 2
 0 0 0 0 0 1 0 0 0 0 0 0 2 2 2
 1 0 0 0 0 1 0 0 0 0 0 0 2 2 2
 8 1 1 1 0 0 0 0 2 8 0 0 0 2 2
# Turn information for samurai of side 0 with weapon 1
# <turn>
171
# <cure period>
7
# Samurai states: <position x> <position y> <hiding>
5 14 0
0 14 0
12 12 1
-1 -1 1
-1 -1 1
-1 -1 1
# Battle field states
 9 9 9 9 9 9 9 9 9 9 9 9 9 9 9
 9 9 9 9 9 9 9 9 9 9 9 9 9 9 9
 9 9 9 9 9 9 9 9 9 9 9 9 9 9 9
 9 9 9 9 9 9 9 9 9 9 9 9 9 9 9
 9 9 9 9 9 9 9 9 9 9 9 9 9 9 9
 9 9 9 9 9 9 9 9 9 9 9 9 9 9 9
 9 9 9 9 9 9 9 9 9 9 9 9 9 9 9
 9 9 9 9 9 9 9 9 9 9 9 9 1 9 9
 9 9 9 9 9 9 9 9 9 9 9 1 1 3 9
 0 9 9 9 9 0 9 9 9 9 3 2 2 2 8
 0 0 9 9 0 0 0 9 9 2 2 2 2 2 3
 0 0 0 0 0 0 0 0 0 2 2 2 2 2 3
 0 0 0 0 0 0 0 0 0 0 0 2 2 2 3
 1 0 0 0 0 0 0 0 0 0 0 2 2 2 3
 8 1 1 1 0 0 0 0 2 8 0 0 0 2 2
# Turn information for samurai of side 0 with weapon 1
# <turn>
176
# <cure period>
2
# Samurai states: <position x> <position y> <hiding>
6 14 1
0 14 0
9 14 0
-1 -1 1
-1 -1 1
-1 -1 1
# Battle field states
 9 9 9 9 9 9 9 9 9 9 9 9 9 9 9
 9 9 9 9 9 9 9 9 9 9 9 9 9 9 9
 9 9 9 9 9 9 9 9 9 9 9 9 9 9 9
 9 9 9 9 9 9 9 9 9 9 9 9 9 9 9
 9 9 9 9 9 9 9 9 9 9 9 9 9 9 9
 9 9 9 9 9 9 9 9 9 9 9 9 9 9 9
 9 9 9 9 9 9 9 9 9 9 9 9 9 9 9
 9 9 9 9 9 9 9 9 9 9 9 9 9 9 9
 9 9 9 9 9 9 9 9 9 9 9 9 9 9 9
 0 9 9 9 9 9 2 9 9 3 9 9 9 9 9
 0 0 9 9 9 0 0 0 0 2 2 9 9 9 9
 0 0 0 9 0 0 0 0 0 2 2 2 9 9 9
 0 0 0 0 0 0 0 0 0 0 0 2 2 9 9
 1 0 0 0 0 0 0 0 0 0 0 2 2 2 9
 8 0 0 0 0 0 0 0 2 8 0 0 0 2 2
# Turn information for samurai of side 0 with weapon 1
# <turn>
183
# <cure period>
0
# Samurai states: <position x> <position y> <hiding>
6 14 1
0 14 0
9 14 0
-1 -1 1
-1 -1 1
-1 -1 1
# Battle field states
 9 9 9 9 9 9 9 9 9 9 9 9 9 9 9
 9 9 9 9 9 9 9 9 9 9 9 9 9 9 9
 9 9 9 9 9 9 9 9 9 9 9 9 9 9 9
 9 9 9 9 9 9 9 9 9 9 9 9 9 9 9
 9 9 9 9 9 9 9 9 9 9 9 9 9 9 9
 9 9 9 9 9 9 9 9 9 9 9 9 9 9 9
 9 9 9 9 9 9 9 9 9 9 9 9 9 9 9
 9 9 9 9 9 9 9 9 9 9 9 9 9 9 9
 9 9 9 9 9 9 9 9 9 9 9 9 9 9 9
 0 9 9 9 9 9 2 9 9 3 9 9 9 9 9
 0 0 9 9 9 0 0 0 0 2 2 9 9 9 9
 0 0 0 9 0 0 0 0 0 2 2 2 9 9 9
 0 0 0 0 0 0 0 0 0 0 0 2 2 9 9
 1 0 0 0 0 0 0 0 0 0 0 2 2 2 9
 8 0 0 0 0 0 0 0 0 8 0 0 0 2 2
# Turn information for samurai of side 0 with weapon 1
# <turn>
188
# <cure period>
0
# Samurai states: <position x> <position y> <hiding>
6 14 1
1 14 1
9 14 0
-1 -1 1
-1 -1 1
-1 -1 1
# Battle field states
 9 9 9 9 9 9 9 9 9 9 9 9 9 9 9
 9 9 9 9 9 9 9 9 9 9 9 9 9 9 9
 9 9 9 9 9 9 9 9 9 9 9 9 9 9 9
 9 9 9 9 9 9 9 9 9 9 9 9 9 9 9
 9 9 9 9 9 9 9 9 9 9 9 9 9 9 9
 9 9 9 9 9 9 9 9 9 9 9 9 9 9 9
 9 9 9 9 9 9 9 9 9 9 9 9 9 9 9
 9 9 9 9 9 9 9 9 9 9 9 9 9 9 9
 9 9 9 9 9 9 9 9 9 9 9 9 9 9 9
 9 0 9 9 9 9 2 9 9 3 9 9 9 9 9
 0 0 0 9 9 0 0 0 0 2 2 9 9 9 9
 0 0 0 0 0 0 0 0 0 2 2 2 9 9 9
 0 1 0 0 0 0 0 0 0 0 0 2 2 9 9
 1 1 1 0 0 0 0 0 0 0 0 2 2 2 9
 8 0 0 0 0 0 0 0 0 8 0 0 0 2 2
