# <# turns> <side> <weapon> <width> <height> <cure period>
192 1 2 15 15 20
# Home positions
14 9
14 0
5 0
0 5
0 14
9 14
# Ranks and scores of samurai
1 100
2 98
3 80
4 70
5 60
6 20
# Turn information for samurai of side 1 with weapon 2
# <turn>
5
# <cure period>
0
# Samurai states: <position x> <position y> <hiding>
14 9 0
14 0 0
5 0 0
-1 -1 1
-1 -1 1
-1 -1 1
# Battle field states
 8 8 8 8 8 8 8 8 8 8 8 8 1 1 8
 9 8 8 8 8 8 8 8 8 8 8 8 8 1 1
 9 9 8 8 8 8 8 8 8 9 9 8 8 8 1
 9 9 9 8 8 8 8 8 9 9 9 9 8 8 8
 9 9 9 9 8 8 8 9 9 9 9 9 9 8 8
 9 9 9 9 9 8 9 9 9 9 9 9 9 8 8
 9 9 9 9 9 9 9 9 9 9 9 9 8 8 8
 9 9 9 9 9 9 9 9 9 9 9 8 8 8 8
 9 9 9 9 9 9 9 9 9 9 8 8 8 8 8
 9 9 9 9 9 9 9 9 9 8 8 8 8 8 8
 9 9 9 9 9 9 9 9 9 9 8 8 8 8 0
 9 9 9 9 9 9 9 9 9 9 9 8 8 8 0
 9 9 9 9 9 9 9 9 9 9 9 9 8 8 0
 9 9 9 9 9 9 9 9 9 9 9 9 9 8 0
 9 9 9 9 9 9 9 9 9 9 9 9 9 9 8
# Turn information for samurai of side 1 with weapon 2
# <turn>
10
# <cure period>
0
# Samurai states: <position x> <position y> <hiding>
14 10 1
14 1 1
5 1 0
0 1 0
-1 -1 1
-1 -1 1
# Battle field states
 9 8 8 8 2 8 2 8 8 8 8 8 1 1 8
 8 8 8 8 2 8 2 8 8 8 8 8 1 1 1
 9 8 8 8 2 2 2 8 8 8 8 8 8 1 1
 9 9 8 8 8 8 8 8 8 9 9 8 8 8 1
 9 9 9 8 8 8 8 8 9 9 9 9 8 8 8
 9 9 9 9 8 8 8 9 9 9 9 9 9 8 0
 9 9 9 9 9 8 9 9 9 9 9 9 9 8 0
 9 9 9 9 9 9 9 9 9 9 9 9 8 8 0
 9 9 9 9 9 9 9 9 9 9 9 8 8 8 0
 9 9 9 9 9 9 9 9 9 9 8 8 8 8 8
 9 9 9 9 9 9 9 9 9 8 8 8 8 8 0
 9 9 9 9 9 9 9 9 9 9 8 8 8 8 0
 9 9 9 9 9 9 9 9 9 9 9 8 8 8 0
 9 9 9 9 9 9 9 9 9 9 9 9 8 8 0
 9 9 9 9 9 9 9 9 9 9 9 9 9 8 8
# Turn information for samurai of side 1 with weapon 2
# <turn>
17
# <cure period>
0
# Samurai states: <position x> <position y> <hiding>
14 10 1
14 2 0
5 2 1
-1 -1 1
-1 -1 1
-1 -1 1
# Battle field states
 9 9 8 8 2 8 2 8 8 9 9 8 1 1 8
 9 8 8 8 2 2 2 8 8 8 8 8 1 1 1
 8 8 8 8 2 2 2 8 8 8 8 8 1 1 1
 9 8 8 8 2 2 2 8 8 8 8 8 8 1 1
 9 9 8 8 8 8 8 8 8 9 9 8 8 8 1
 9 9 9 8 8 8 8 8 9 9 9 9 8 8 0
 9 9 9 9 8 8 8 9 9 9 9 9 9 8 0
 9 9 9 9 9 8 9 9 9 9 9 9 8 8 0
 9 9 9 9 9 9 9 9 9 9 9 8 8 8 0
 9 9 9 9 9 9 9 9 9 9 8 8 8 8 8
 9 9 9 9 9 9 9 9 9 8 0 0 0 0 0
 9 9 9 9 9 9 9 9 9 9 8 8 8 8 0
 9 9 9 9 9 9 9 9 9 9 9 8 8 8 0
 9 9 9 9 9 9 9 9 9 9 9 9 5 5 5
 9 9 9 9 9 9 9 9 9 9 9 9 9 8 5
# Turn information for samurai of side 1 with weapon 2
# <turn>
22
# <cure period>
0
# Samurai states: <position x> <position y> <hiding>
14 11 0
13 2 1
5 3 0
-1 -1 1
-1 -1 1
-1 -1 1
# Battle field states
 9 9 9 8 2 8 2 8 9 9 8 8 1 1 8
 9 9 8 8 2 2 2 8 8 8 8 8 1 1 1
 9 8 8 8 2 2 2 8 8 8 8 1 1 1 1
 8 8 8 8 2 2 2 8 8 8 8 8 1 1 1
 9 8 8 8 2 2 2 8 8 8 8 8 8 1 1
 9 9 8 8 8 8 8 8 8 9 9 8 8 8 0
 9 9 9 8 8 8 8 8 9 9 9 9 8 8 0
 9 9 9 9 8 8 8 9 9 9 9 9 9 8 0
 9 9 9 9 9 8 9 9 9 9 9 9 8 8 0
 9 9 9 9 9 9 9 9 9 9 9 8 8 8 8
 9 9 9 9 9 9 9 9 9 9 0 0 0 0 0
 9 9 9 9 9 9 9 9 9 8 0 0 0 0 0
 9 9 9 9 9 9 9 9 9 9 8 8 8 8 0
 9 9 9 9 9 9 9 9 9 9 9 8 5 5 5
 9 9 9 9 9 9 9 9 9 9 9 9 5 8 5
# Turn information for samurai of side 1 with weapon 2
# <turn>
29
# <cure period>
0
# Samurai states: <position x> <position y> <hiding>
14 9 0
13 3 0
5 4 1
-1 -1 1
-1 -1 1
14 14 0
# Battle field states
 9 9 9 9 2 8 2 9 9 9 9 8 1 1 8
 9 9 9 8 2 2 2 8 9 9 8 8 1 1 1
 9 9 8 8 2 2 2 8 8 8 8 1 1 1 1
 9 8 8 8 2 2 2 8 8 8 8 1 1 1 1
 8 8 8 8 2 2 2 8 8 8 8 8 1 1 1
 9 8 8 8 2 2 2 8 8 8 8 8 8 1 0
 9 9 8 8 8 8 8 8 8 9 9 8 8 8 0
 9 9 9 8 8 8 8 8 9 9 9 8 8 8 0
 9 9 9 9 8 8 8 9 9 9 8 8 8 8 0
 9 9 9 9 9 8 9 9 9 8 8 8 8 8 8
 9 9 9 9 9 9 9 9 9 9 0 0 0 0 0
 9 9 9 9 9 9 9 9 9 9 9 0 0 0 0
 9 9 9 9 9 9 9 9 9 9 9 9 0 5 5
 9 9 9 9 9 9 9 9 9 9 9 9 9 5 5
 9 9 9 9 9 9 9 9 9 9 9 9 9 9 5
# Turn information for samurai of side 1 with weapon 2
# <turn>
34
# <cure period>
0
# Samurai states: <position x> <position y> <hiding>
14 9 0
13 4 1
5 5 0
-1 -1 1
7 7 0
14 14 0
# Battle field states
 9 9 9 9 9 8 9 9 9 9 9 9 1 1 8
 9 9 9 9 2 2 2 9 9 9 9 8 1 1 1
 9 9 9 8 2 2 2 8 9 9 8 1 1 1 1
 9 9 8 8 2 2 2 8 8 8 8 1 1 1 1
 9 8 8 8 2 2 2 8 8 8 8 1 1 1 1
 8 8 8 8 2 2 2 4 8 8 8 8 1 1 0
 9 8 8 8 2 2 4 4 8 8 8 8 8 1 0
 9 9 8 8 8 4 4 8 8 9 9 8 8 8 0
 9 9 9 8 8 8 8 8 9 9 8 8 8 8 0
 9 9 9 9 8 8 8 9 9 8 8 8 8 8 8
 9 9 9 9 9 8 9 9 9 9 0 0 0 0 0
 9 9 9 9 9 9 9 9 9 9 9 0 0 0 0
 9 9 9 9 9 9 9 9 9 9 9 9 0 5 5
 9 9 9 9 9 9 9 9 9 9 9 9 9 5 5
 9 9 9 9 9 9 9 9 9 9 9 9 9 9 5
# Turn information for samurai of side 1 with weapon 2
# <turn>
41
# <cure period>
0
# Samurai states: <position x> <position y> <hiding>
14 9 0
13 5 0
5 6 1
-1 -1 1
-1 -1 1
-1 -1 1
# Battle field states
 9 9 9 9 9 9 9 9 9 9 9 9 9 1 9
 9 9 9 9 9 2 9 9 9 9 9 9 1 1 1
 9 9 9 9 2 2 2 9 9 9 9 1 1 1 1
 9 9 9 8 2 2 2 8 9 9 8 1 1 1 1
 9 9 8 8 2 2 2 8 8 8 8 1 1 1 1
 9 8 8 8 2 2 2 4 8 8 8 1 1 1 0
 8 8 8 8 2 2 2 4 4 4 8 8 1 1 0
 9 8 8 8 2 2 2 4 4 8 8 8 8 1 0
 9 9 8 8 8 8 8 4 4 9 8 8 8 8 0
 9 9 9 8 8 8 8 4 9 8 8 8 8 8 8
 9 9 9 9 8 8 8 9 9 9 0 0 0 0 0
 9 9 9 9 9 8 9 9 9 9 9 0 0 0 0
 9 9 9 9 9 9 9 9 9 9 9 9 0 5 5
 9 9 9 9 9 9 9 9 9 9 9 9 9 5 5
 9 9 9 9 9 9 9 9 9 9 9 9 9 9 5
# Turn information for samurai of side 1 with weapon 2
# <turn>
46
# <cure period>
18
# Samurai states: <position x> <position y> <hiding>
14 9 0
13 6 1
5 0 0
1 0 0
-1 -1 1
-1 -1 1
# Battle field states
 8 8 8 8 2 8 2 8 8 8 8 9 9 9 9
 9 8 8 8 2 2 2 8 8 8 9 9 9 1 9
 9 9 8 8 2 2 2 8 8 9 9 9 1 1 1
 9 9 9 8 2 2 2 8 9 9 9 1 1 1 1
 9 9 9 9 2 2 2 9 9 9 8 1 1 1 1
 9 9 9 9 9 2 9 9 9 8 8 1 1 1 0
 9 9 9 9 9 9 9 9 4 4 8 1 1 1 0
 9 9 9 9 9 9 9 9 9 8 8 8 1 1 0
 9 9 9 9 9 9 9 9 9 9 8 8 8 1 0
 9 9 9 9 9 9 9 9 9 8 8 8 8 8 8
 9 9 9 9 9 9 9 9 9 9 0 0 0 0 0
 9 9 9 9 9 9 9 9 9 9 9 0 0 0 0
 9 9 9 9 9 9 9 9 9 9 9 9 0 5 5
 9 9 9 9 9 9 9 9 9 9 9 9 9 5 5
 9 9 9 9 9 9 9 9 9 9 9 9 9 9 5
# Turn information for samurai of side 1 with weapon 2
# <turn>
53
# <cure period>
11
# Samurai states: <position x> <position y> <hiding>
14 10 1
12 6 0
5 0 0
0 0 0
-1 -1 1
-1 -1 1
# Battle field states
 8 8 8 8 2 8 2 8 8 8 8 9 9 9 9
 9 8 8 8 2 2 2 8 8 8 9 9 1 9 9
 9 9 8 8 2 2 2 8 8 9 9 1 1 1 9
 9 9 9 8 2 2 2 8 9 9 8 1 1 1 1
 9 9 9 9 2 2 2 9 9 8 8 1 1 1 1
 9 9 9 9 9 2 9 9 8 8 8 1 1 1 0
 9 9 9 9 9 9 9 4 4 4 1 1 1 1 0
 9 9 9 9 9 9 9 9 4 8 8 1 1 1 0
 9 9 9 9 9 9 9 9 9 4 8 8 1 1 0
 9 9 9 9 9 9 9 9 9 9 0 0 0 0 8
 9 9 9 9 9 9 9 9 9 8 0 0 0 0 0
 9 9 9 9 9 9 9 9 9 9 0 0 0 0 0
 9 9 9 9 9 9 9 9 9 9 9 0 0 5 5
 9 9 9 9 9 9 9 9 9 9 9 9 5 5 5
 9 9 9 9 9 9 9 9 9 9 9 9 9 5 5
# Turn information for samurai of side 1 with weapon 2
# <turn>
58
# <cure period>
6
# Samurai states: <position x> <position y> <hiding>
14 10 1
11 6 1
5 0 0
-1 -1 1
-1 -1 1
-1 -1 1
# Battle field states
 8 8 8 8 2 8 2 8 8 8 8 9 9 9 9
 9 8 8 8 2 2 2 8 8 8 9 8 9 9 9
 9 9 8 8 2 2 2 8 8 9 8 1 1 9 9
 9 9 9 8 2 2 2 8 9 8 8 1 1 1 9
 9 9 9 9 2 2 2 9 8 8 8 1 1 1 1
 9 9 9 9 9 2 9 4 8 8 8 1 1 1 0
 9 9 9 9 9 9 4 4 4 1 1 1 1 1 0
 9 9 9 9 9 9 9 4 4 8 1 1 1 1 0
 9 9 9 9 9 9 9 9 4 4 8 1 1 1 0
 9 9 9 9 9 9 9 9 9 8 0 0 0 0 8
 9 9 9 9 9 9 9 9 9 8 0 0 0 0 0
 9 9 9 9 9 9 9 9 9 9 0 0 0 0 0
 9 9 9 9 9 9 9 9 9 9 9 0 0 5 0
 9 9 9 9 9 9 9 9 9 9 9 9 5 5 0
 9 9 9 9 9 9 9 9 9 9 9 9 9 5 0
# Turn information for samurai of side 1 with weapon 2
# <turn>
65
# <cure period>
0
# Samurai states: <position x> <position y> <hiding>
13 10 0
10 6 0
5 0 0
0 0 0
8 7 0
-1 -1 1
# Battle field states
 8 8 8 8 2 8 2 8 8 8 8 9 9 9 9
 9 8 8 8 2 2 2 8 8 8 8 9 9 9 9
 9 9 8 8 2 2 2 8 8 8 8 1 9 9 9
 9 9 9 8 2 2 2 8 8 8 8 1 1 9 9
 9 9 9 9 2 2 2 4 8 8 1 1 1 1 9
 9 9 9 9 9 2 4 4 4 1 1 1 1 1 0
 9 9 9 9 9 4 4 4 4 4 1 1 1 1 0
 9 9 9 9 9 9 4 4 4 4 4 1 1 1 0
 9 9 9 9 9 9 9 4 4 4 8 1 1 1 0
 9 9 9 9 9 9 9 9 4 8 0 0 0 0 8
 9 9 9 9 9 9 9 9 8 8 0 0 0 0 0
 9 9 9 9 9 9 9 9 9 8 0 0 0 0 0
 9 9 9 9 9 9 9 9 9 9 0 0 0 0 0
 9 9 9 9 9 9 9 9 9 9 9 8 5 0 0
 9 9 9 9 9 9 9 9 9 9 9 9 5 0 0
# Turn information for samurai of side 1 with weapon 2
# <turn>
70
# <cure period>
0
# Samurai states: <position x> <position y> <hiding>
12 10 1
11 6 1
4 0 1
0 1 0
-1 -1 1
-1 -1 1
# Battle field states
 8 8 8 2 2 8 2 8 8 8 9 9 9 9 9
 8 8 8 2 2 2 2 8 8 9 9 8 9 9 9
 9 8 8 8 2 2 2 8 9 9 8 1 1 9 9
 9 9 8 8 2 2 2 9 9 8 8 1 1 1 9
 9 9 9 8 2 2 9 9 8 8 1 1 1 1 1
 9 9 9 9 2 9 9 4 4 1 1 1 1 1 0
 9 9 9 9 9 9 4 4 1 1 1 1 1 1 0
 9 9 9 9 9 9 9 4 4 1 1 1 1 1 0
 9 9 9 9 9 9 9 9 4 4 1 1 1 1 0
 9 9 9 9 9 9 9 9 4 8 0 0 0 0 8
 9 9 9 9 9 9 9 4 8 8 0 0 0 0 0
 9 9 9 9 9 9 9 9 8 8 0 0 0 0 0
 9 9 9 9 9 9 9 9 9 8 0 0 0 0 0
 9 9 9 9 9 9 9 9 9 9 8 8 0 0 0
 9 9 9 9 9 9 9 9 9 9 9 8 0 0 9
# Turn information for samurai of side 1 with weapon 2
# <turn>
77
# <cure period>
0
# Samurai states: <position x> <position y> <hiding>
11 10 0
11 7 0
3 0 0
0 0 0
-1 -1 1
12 14 0
# Battle field states
 8 8 2 2 2 8 2 8 8 9 9 9 9 9 9
 8 8 2 2 2 2 2 8 9 9 9 9 9 9 9
 8 8 8 8 2 2 2 9 9 9 9 1 9 9 9
 9 8 8 8 2 2 9 9 9 9 8 1 1 9 9
 9 9 8 8 2 9 9 9 9 8 1 1 1 1 9
 9 9 9 8 9 9 9 9 4 1 1 1 1 1 0
 9 9 9 9 9 9 9 4 1 1 1 1 1 1 0
 9 9 9 9 9 9 4 4 4 1 1 1 1 1 0
 9 9 9 9 9 9 9 4 4 4 1 1 1 1 0
 9 9 9 9 9 9 9 4 4 8 0 1 0 0 8
 9 9 9 9 9 9 8 0 0 0 0 0 0 0 0
 9 9 9 9 9 9 9 8 8 8 0 0 0 0 0
 9 9 9 9 9 9 9 9 8 8 0 0 0 0 0
 9 9 9 9 9 9 9 9 9 8 8 8 0 0 9
 9 9 9 9 9 9 9 9 9 9 8 8 0 9 9
# Turn information for samurai of side 1 with weapon 2
# <turn>
82
# <cure period>
0
# Samurai states: <position x> <position y> <hiding>
11 11 1
10 7 1
2 0 1
1 0 0
-1 -1 1
12 14 0
# Battle field states
 8 2 2 2 2 8 2 8 9 9 9 9 9 9 9
 8 2 2 2 2 2 2 9 9 9 9 9 9 9 9
 8 8 8 8 2 2 9 9 9 9 8 9 9 9 9
 8 8 8 8 2 9 9 9 9 8 8 1 9 9 9
 9 8 8 8 9 9 9 9 8 8 1 1 1 9 9
 9 9 8 9 9 9 9 4 4 1 1 1 1 1 9
 9 9 9 9 9 9 4 4 1 1 1 1 1 1 0
 9 9 9 9 9 4 4 4 1 1 1 1 1 1 0
 9 9 9 9 9 9 4 4 4 1 1 1 1 1 0
 9 9 9 9 9 9 9 4 4 8 1 1 0 0 8
 9 9 9 9 9 9 9 0 0 0 0 0 0 0 0
 9 9 9 9 9 9 8 0 0 0 0 0 0 0 0
 9 9 9 9 9 9 9 8 8 8 0 0 0 0 0
 9 9 9 9 9 9 9 9 8 8 8 8 0 0 0
 9 9 9 9 9 9 9 9 9 8 8 8 0 0 9
# Turn information for samurai of side 1 with weapon 2
# <turn>
89
# <cure period>
0
# Samurai states: <position x> <position y> <hiding>
11 12 0
9 7 0
2 1 0
-1 -1 1
-1 -1 1
-1 -1 1
# Battle field states
 8 2 2 2 2 8 2 9 9 9 9 9 9 9 9
 8 2 2 2 2 2 2 8 9 9 9 9 9 9 9
 8 2 2 2 2 2 2 9 9 8 9 9 9 9 9
 8 8 8 8 2 2 9 9 8 8 8 9 9 9 9
 8 8 8 8 2 9 9 4 8 8 1 1 9 9 9
 9 8 8 8 9 9 4 4 4 1 1 1 1 9 9
 9 9 8 9 9 4 4 4 1 1 1 1 1 1 9
 9 9 9 9 2 4 4 1 1 1 1 1 1 1 0
 9 9 9 9 9 2 4 4 1 1 1 1 1 1 9
 9 9 9 9 9 9 8 4 4 1 1 1 0 0 9
 9 9 9 9 9 9 9 0 0 0 0 0 0 0 0
 9 9 9 9 9 9 9 0 0 0 0 0 0 0 0
 9 9 9 9 9 9 8 0 0 0 0 0 5 5 5
 9 9 9 9 9 9 9 8 8 8 8 5 5 5 5
 9 9 9 9 9 9 9 9 8 8 8 5 5 5 5
# Turn information for samurai of side 1 with weapon 2
# <turn>
94
# <cure period>
0
# Samurai states: <position x> <position y> <hiding>
11 13 0
9 6 1
2 2 1
0 5 0
-1 -1 1
-1 -1 1
# Battle field states
 8 2 2 2 2 8 9 9 9 9 9 9 9 9 9
 8 2 2 2 2 2 2 9 9 8 9 9 9 9 9
 8 2 2 2 2 2 2 8 8 8 8 9 9 9 9
 8 2 2 2 2 2 2 8 8 8 8 1 9 9 9
 8 8 8 8 2 2 2 4 8 1 1 1 1 9 9
 8 8 8 8 2 2 4 4 1 1 1 1 1 1 9
 9 8 8 8 2 4 4 1 1 1 1 1 1 1 0
 9 9 8 9 9 4 4 1 1 1 1 1 1 1 9
 9 9 9 9 9 9 4 4 1 1 1 1 1 9 9
 9 9 9 9 9 9 9 4 4 1 1 1 0 9 9
 9 9 9 9 9 9 9 9 0 0 0 0 0 0 9
 9 9 9 9 9 9 9 9 0 0 0 0 0 0 0
 9 9 9 9 9 9 9 0 0 0 0 0 5 5 5
 9 9 9 9 9 9 8 0 0 0 0 5 5 5 5
 9 9 9 9 9 9 9 8 8 8 8 5 5 5 5
# Turn information for samurai of side 1 with weapon 2
# <turn>
101
# <cure period>
0
# Samurai states: <position x> <position y> <hiding>
10 13 1
9 5 0
2 3 0
0 5 0
-1 -1 1
-1 -1 1
# Battle field states
 8 2 2 2 2 9 9 9 9 8 9 9 9 9 9
 8 2 2 2 2 2 9 9 8 8 8 9 9 9 9
 8 2 2 2 2 2 2 8 8 8 8 1 9 9 9
 8 2 2 2 2 2 2 8 8 1 8 1 1 9 9
 8 2 2 2 2 2 2 4 1 1 1 1 1 1 9
 8 8 8 8 2 2 4 1 1 1 1 1 1 1 0
 8 8 8 8 2 4 4 1 1 1 1 1 1 1 9
 9 8 8 8 9 9 4 1 1 1 1 1 1 9 9
 9 9 8 9 9 9 9 4 1 1 1 1 9 9 9
 9 9 9 9 9 9 9 9 4 1 1 1 9 9 9
 9 9 9 9 9 9 9 9 0 0 0 0 0 9 9
 9 9 9 9 9 9 9 0 0 0 0 0 0 5 9
 9 9 9 9 9 9 8 0 0 0 0 0 5 5 5
 9 9 9 9 9 8 8 0 0 0 0 0 0 0 0
 9 9 9 9 9 9 8 8 8 8 8 5 5 5 5
# Turn information for samurai of side 1 with weapon 2
# <turn>
106
# <cure period>
0
# Samurai states: <position x> <position y> <hiding>
10 14 0
9 4 1
2 4 1
0 2 0
-1 -1 1
-1 -1 1
# Battle field states
 9 2 2 2 9 9 9 9 8 8 8 9 9 9 9
 8 2 2 2 2 9 9 8 8 8 8 8 9 9 9
 8 2 2 2 2 2 2 8 8 1 8 1 1 9 9
 8 2 2 2 2 2 2 8 1 1 8 1 1 1 9
 8 2 2 2 2 2 2 1 1 1 1 1 1 1 1
 8 2 2 2 2 2 4 1 1 1 1 1 1 1 9
 8 8 8 8 2 4 4 1 1 1 1 1 1 9 9
 8 8 8 8 2 9 9 1 1 1 1 1 9 9 9
 9 8 8 8 9 9 9 9 1 1 1 9 9 9 9
 9 9 8 9 9 9 9 9 9 1 1 9 9 9 9
 9 9 9 9 9 9 9 9 9 0 0 0 9 9 9
 9 9 9 9 9 9 9 9 0 0 0 0 0 9 9
 9 9 9 9 9 9 9 0 0 0 0 0 5 5 9
 9 9 9 9 9 9 8 0 0 0 0 0 0 0 0
 9 9 9 9 9 8 8 8 8 8 8 0 0 0 0
# Turn information for samurai of side 1 with weapon 2
# <turn>
113
# <cure period>
0
# Samurai states: <position x> <position y> <hiding>
11 14 1
9 3 0
2 5 0
-1 -1 1
-1 -1 1
-1 -1 1
# Battle field states
 9 9 2 9 9 9 9 8 8 8 8 8 9 9 9
 9 2 2 2 9 9 2 8 8 1 8 8 1 9 9
 8 2 2 2 2 2 2 8 8 1 1 1 1 1 9
 8 2 2 2 2 2 2 8 1 1 1 1 1 1 1
 8 2 2 2 2 2 2 1 1 1 1 1 1 1 9
 8 2 2 2 2 2 4 1 1 1 1 1 1 9 9
 8 2 2 2 2 4 4 1 1 1 1 1 9 9 9
 8 8 8 8 2 4 9 9 1 1 1 9 9 9 9
 8 8 8 8 2 9 9 9 9 1 9 9 9 9 9
 9 8 8 8 9 9 9 9 9 9 9 1 9 9 9
 9 9 8 9 9 9 9 9 9 9 0 0 5 9 9
 9 9 9 9 9 9 9 9 9 0 0 0 5 5 9
 9 9 9 9 9 9 9 9 0 0 0 0 5 5 5
 9 9 9 9 9 9 9 0 0 0 0 0 0 0 0
 9 9 9 9 9 9 0 0 0 8 8 0 0 0 0
# Turn information for samurai of side 1 with weapon 2
# <turn>
118
# <cure period>
0
# Samurai states: <position x> <position y> <hiding>
12 14 0
8 3 1
2 6 1
-1 -1 1
-1 -1 1
-1 -1 1
# Battle field states
 9 9 9 9 9 9 2 8 8 8 8 9 9 9 9
 9 9 2 9 9 2 2 8 1 1 8 8 9 9 9
 9 2 2 2 2 2 2 1 1 1 1 1 1 9 9
 8 2 2 2 2 2 1 1 1 1 1 1 1 1 9
 8 2 2 2 2 2 2 1 1 1 1 1 1 9 9
 8 2 2 2 2 2 4 1 1 1 1 1 9 9 9
 8 2 2 2 2 4 4 1 1 1 1 9 9 9 9
 8 2 2 2 2 4 4 1 1 1 9 9 9 9 9
 8 8 8 8 2 2 9 9 1 9 9 9 9 9 9
 8 8 8 8 8 9 9 9 9 9 9 9 5 9 9
 9 8 8 8 9 9 9 9 9 9 9 0 0 5 9
 9 9 8 9 9 9 9 9 9 9 0 0 0 5 5
 9 9 9 9 9 9 9 9 9 0 0 0 0 5 5
 9 9 9 9 9 9 9 9 0 0 0 0 0 0 0
 9 9 9 9 9 9 9 0 0 8 8 0 0 0 0
# Turn information for samurai of side 1 with weapon 2
# <turn>
125
# <cure period>
0
# Samurai states: <position x> <position y> <hiding>
13 14 1
8 2 0
2 7 0
-1 -1 1
-1 -1 1
-1 -1 1
# Battle field states
 9 9 9 9 9 8 2 8 1 8 8 8 9 9 9
 9 9 9 9 2 2 2 1 1 1 8 8 1 9 9
 9 9 2 2 2 2 1 1 1 1 1 1 1 1 9
 9 2 2 2 2 2 1 1 1 1 1 1 1 9 9
 8 2 2 2 2 2 2 1 1 1 1 1 9 9 9
 8 2 2 2 2 2 4 1 1 1 1 9 9 9 9
 8 2 2 2 2 4 4 1 1 1 9 9 9 9 9
 8 2 2 2 2 4 4 1 1 9 9 9 9 9 9
 8 2 2 2 2 2 4 9 9 9 9 9 9 9 9
 8 8 8 8 8 8 9 9 9 9 9 9 9 5 9
 8 8 8 8 8 9 9 9 9 9 9 9 0 0 5
 9 8 8 8 9 9 9 9 9 9 9 0 0 0 5
 9 9 8 9 9 9 9 9 9 9 0 0 0 0 5
 9 9 9 9 9 9 9 9 9 0 0 0 0 0 0
 9 9 9 9 9 9 9 9 4 8 8 0 0 0 0
# Turn information for samurai of side 1 with weapon 2
# <turn>
130
# <cure period>
0
# Samurai states: <position x> <position y> <hiding>
14 14 0
9 2 1
2 8 1
-1 -1 1
-1 -1 1
-1 -1 1
# Battle field states
 9 9 9 9 9 9 2 8 1 1 8 8 1 9 9
 9 9 9 9 9 2 2 1 1 1 1 8 1 1 9
 9 9 9 9 2 2 1 1 1 1 1 1 1 1 1
 9 9 2 9 9 2 1 1 1 1 1 1 1 1 9
 9 2 2 2 9 9 2 1 1 1 1 1 1 9 9
 8 2 2 2 2 9 9 1 1 1 1 1 9 9 9
 8 2 2 2 2 4 9 9 1 1 1 9 9 9 9
 8 2 2 2 2 4 4 9 9 1 9 9 9 9 9
 8 2 2 2 2 2 4 4 9 9 9 9 9 9 9
 8 2 2 2 8 8 8 9 9 9 9 9 9 9 8
 8 8 8 8 8 8 9 9 9 9 9 9 9 0 0
 8 8 8 8 8 9 9 9 9 9 9 9 0 0 0
 9 8 8 8 9 9 9 9 9 9 9 0 0 0 0
 9 9 8 9 9 9 9 9 9 9 0 0 0 0 0
 9 9 9 9 9 9 9 9 9 8 8 0 0 0 0
# Turn information for samurai of side 1 with weapon 2
# <turn>
137
# <cure period>
0
# Samurai states: <position x> <position y> <hiding>
14 13 1
10 2 0
2 9 0
-1 -1 1
-1 -1 1
-1 -1 1
# Battle field states
 9 9 9 9 9 9 9 8 1 1 1 8 1 1 9
 9 9 9 9 9 9 2 1 1 1 1 1 1 1 1
 9 9 9 9 9 2 1 1 1 1 1 1 1 1 1
 9 9 9 9 9 9 1 1 1 1 1 1 1 1 1
 9 9 2 9 9 9 9 1 1 1 1 1 1 1 9
 9 2 2 2 9 9 9 9 1 1 1 1 1 9 9
 8 2 2 2 2 9 9 9 9 1 1 1 9 9 9
 8 2 2 2 2 4 9 9 9 9 1 9 9 9 9
 8 2 2 2 2 2 4 9 9 9 9 9 9 9 5
 8 2 2 2 8 8 8 4 9 9 9 9 9 5 8
 8 2 2 2 8 8 8 9 9 9 9 9 0 0 0
 8 8 8 8 8 8 9 9 9 9 9 0 0 0 0
 8 8 8 8 8 9 9 9 9 9 0 0 0 0 0
 9 8 8 8 9 9 9 9 9 4 0 0 0 0 0
 9 9 8 9 9 9 9 9 9 9 0 0 0 0 0
# Turn information for samurai of side 1 with weapon 2
# <turn>
142
# <cure period>
0
# Samurai states: <position x> <position y> <hiding>
14 12 0
11 2 1
2 10 1
-1 -1 1
-1 -1 1
-1 -1 1
# Battle field states
 9 9 9 9 9 9 9 9 1 1 1 1 1 1 8
 9 9 9 9 9 9 9 1 1 1 1 1 1 1 1
 9 9 9 9 9 9 1 1 1 1 1 1 1 1 1
 9 9 9 9 9 9 9 1 1 1 1 1 1 1 1
 9 9 9 9 9 9 9 9 1 1 1 1 1 1 1
 9 9 2 9 9 9 9 9 9 1 1 1 1 5 9
 9 2 2 2 9 9 9 9 9 9 1 1 5 9 9
 8 2 2 2 2 9 9 9 9 9 9 1 9 9 5
 8 2 2 2 2 2 9 9 9 9 9 9 9 1 0
 8 2 2 2 8 8 8 9 9 9 9 9 5 5 8
 8 2 2 2 8 8 8 0 9 9 9 0 0 0 0
 8 2 2 2 8 8 8 9 9 9 0 0 0 0 0
 8 8 8 8 8 8 9 9 9 0 0 0 0 0 0
 8 8 8 8 8 9 9 9 9 9 0 0 0 0 0
 9 8 8 8 9 9 9 9 9 9 9 0 0 0 0
# Turn information for samurai of side 1 with weapon 2
# <turn>
149
# <cure period>
0
# Samurai states: <position x> <position y> <hiding>
13 12 1
11 2 1
2 11 0
-1 -1 1
-1 -1 1
-1 -1 1
# Battle field states
 9 9 9 9 9 9 9 9 1 1 1 1 1 1 8
 9 9 9 9 9 9 9 1 1 1 1 1 1 1 1
 9 9 9 9 9 9 1 1 1 1 1 1 1 1 1
 9 9 9 9 9 9 9 1 1 1 1 1 1 1 1
 9 9 9 9 9 9 9 9 1 1 1 1 1 1 1
 9 9 9 9 9 9 9 9 9 1 1 1 1 5 9
 9 9 2 9 9 9 9 9 9 9 1 1 5 9 9
 9 2 2 2 9 9 9 9 9 9 9 1 9 5 9
 8 2 2 2 2 9 9 9 9 9 9 9 5 0 0
 8 2 2 2 8 8 9 9 9 9 9 1 5 0 8
 8 2 2 2 8 8 8 9 9 9 0 0 0 0 0
 8 2 2 2 8 8 8 4 9 0 0 0 0 0 0
 8 2 2 2 8 8 4 9 4 0 0 0 0 0 0
 8 8 8 8 8 8 9 9 9 4 0 0 0 0 0
 8 8 8 8 8 9 9 9 9 9 0 0 0 0 0
# Turn information for samurai of side 1 with weapon 2
# <turn>
154
# <cure period>
0
# Samurai states: <position x> <position y> <hiding>
12 12 0
11 2 1
2 12 1
-1 -1 1
-1 -1 1
-1 -1 1
# Battle field states
 9 9 9 9 9 9 9 9 1 1 1 1 1 1 8
 9 9 9 9 9 9 9 1 1 1 1 1 1 1 1
 9 9 9 9 9 9 1 1 1 1 1 1 1 1 1
 9 9 9 9 9 9 9 1 1 1 1 1 1 1 1
 9 9 9 9 9 9 9 9 1 1 1 1 1 1 1
 9 9 9 9 9 9 9 9 9 1 1 1 1 5 9
 9 9 9 9 9 9 9 9 9 9 1 1 5 9 9
 9 9 2 9 9 9 9 9 9 9 9 1 5 9 9
 9 2 2 2 9 9 9 9 9 9 9 1 0 0 9
 8 2 2 2 8 9 9 9 9 9 1 1 0 0 8
 8 2 2 2 8 8 9 9 9 0 0 0 0 0 0
 8 2 2 2 8 8 8 9 0 0 0 0 0 0 0
 8 2 2 2 8 8 4 4 4 0 0 0 0 0 0
 8 2 2 2 8 8 4 9 4 4 0 0 0 0 0
 8 8 8 8 8 8 9 9 9 8 0 0 0 0 0
# Turn information for samurai of side 1 with weapon 2
# <turn>
161
# <cure period>
0
# Samurai states: <position x> <position y> <hiding>
12 13 1
11 2 1
2 13 0
-1 -1 1
-1 -1 1
-1 -1 1
# Battle field states
 9 9 9 9 9 9 9 9 1 1 1 1 1 1 8
 9 9 9 9 9 9 9 1 1 1 1 1 1 1 1
 9 9 9 9 9 9 1 1 1 1 1 1 1 1 1
 9 9 9 9 9 9 9 1 1 1 1 1 1 1 1
 9 9 9 9 9 9 9 9 1 1 1 1 1 1 1
 9 9 9 9 9 9 9 9 9 1 1 1 1 5 9
 9 9 9 9 9 9 9 9 9 9 1 1 5 9 9
 9 9 9 9 9 9 9 9 9 9 9 1 9 9 9
 9 9 2 9 9 9 9 9 9 9 9 9 0 9 9
 9 2 2 2 9 9 9 9 9 9 9 1 0 0 9
 8 2 2 2 8 9 9 9 9 9 0 0 0 0 0
 8 2 2 2 8 8 9 9 9 0 0 0 0 0 0
 8 2 2 2 8 8 4 9 4 0 0 0 0 0 0
 8 2 2 2 8 8 4 4 0 0 0 0 0 0 0
 8 2 2 2 8 8 0 9 4 8 0 0 0 0 0
# Turn information for samurai of side 1 with weapon 2
# <turn>
166
# <cure period>
0
# Samurai states: <position x> <position y> <hiding>
12 14 0
11 2 1
3 13 1
-1 -1 1
-1 -1 1
-1 -1 1
# Battle field states
 9 9 9 9 9 9 9 9 1 1 1 1 1 1 8
 9 9 9 9 9 9 9 1 1 1 1 1 1 1 1
 9 9 9 9 9 9 1 1 1 1 1 1 1 1 1
 9 9 9 9 9 9 9 1 1 1 1 1 1 1 1
 9 9 9 9 9 9 9 9 1 1 1 1 1 1 1
 9 9 9 9 9 9 9 9 9 1 1 1 1 5 9
 9 9 9 9 9 9 9 9 9 9 1 1 5 9 9
 9 9 9 9 9 9 9 9 9 9 9 1 9 9 9
 9 9 9 2 9 9 9 9 9 9 9 9 9 9 9
 9 9 2 2 8 9 9 9 9 9 9 9 0 9 9
 9 2 2 2 8 8 9 9 9 9 9 0 0 0 9
 8 2 2 2 8 8 8 9 9 9 0 0 0 0 0
 8 2 2 2 2 8 4 4 9 0 0 0 0 0 0
 8 2 2 2 2 8 4 4 0 0 0 0 0 0 0
 8 2 2 2 2 8 0 4 0 8 0 0 0 0 0
# Turn information for samurai of side 1 with weapon 2
# <turn>
173
# <cure period>
0
# Samurai states: <position x> <position y> <hiding>
11 14 1
11 2 1
4 13 0
-1 -1 1
0 14 0
-1 -1 1
# Battle field states
 9 9 9 9 9 9 9 9 1 1 1 1 1 1 8
 9 9 9 9 9 9 9 1 1 1 1 1 1 1 1
 9 9 9 9 9 9 1 1 1 1 1 1 1 1 1
 9 9 9 9 9 9 9 1 1 1 1 1 1 1 1
 9 9 9 9 9 9 9 9 1 1 1 1 1 1 1
 9 9 9 9 9 9 9 9 9 1 1 1 1 5 9
 9 9 9 9 9 9 9 9 9 9 1 1 5 9 9
 9 9 9 9 9 9 9 9 9 9 9 1 9 9 9
 9 9 9 9 2 9 9 9 9 9 9 9 9 9 9
 9 9 9 2 8 8 9 9 9 9 9 1 9 9 9
 9 9 2 2 8 8 8 9 9 9 0 0 0 9 9
 9 2 2 2 8 8 8 4 9 0 0 0 0 0 9
 8 2 2 2 2 2 4 4 4 0 0 0 0 0 0
 8 2 2 2 2 2 4 4 0 0 0 0 0 0 0
 8 2 2 2 2 2 0 0 0 8 0 0 0 0 0
# Turn information for samurai of side 1 with weapon 2
# <turn>
178
# <cure period>
0
# Samurai states: <position x> <position y> <hiding>
11 13 0
11 2 1
5 13 1
-1 -1 1
-1 -1 1
-1 -1 1
# Battle field states
 9 9 9 9 9 9 9 9 1 1 1 1 1 1 8
 9 9 9 9 9 9 9 1 1 1 1 1 1 1 1
 9 9 9 9 9 9 1 1 1 1 1 1 1 1 1
 9 9 9 9 9 9 9 1 1 1 1 1 1 1 1
 9 9 9 9 9 9 9 9 1 1 1 1 1 1 1
 9 9 9 9 9 9 9 9 9 1 1 1 1 5 9
 9 9 9 9 9 9 9 9 9 9 1 1 5 9 9
 9 9 9 9 9 9 9 9 9 9 9 1 9 9 9
 9 9 9 9 9 2 9 9 9 9 9 1 9 9 9
 9 9 9 9 8 8 8 9 9 9 1 1 0 9 9
 9 9 9 2 8 8 8 0 9 0 0 0 0 0 9
 9 9 2 2 8 8 8 4 0 0 0 0 0 0 0
 9 2 2 2 2 2 2 4 4 0 0 0 0 0 0
 8 2 2 2 2 2 2 0 0 0 0 0 0 0 0
 9 2 2 2 2 2 2 0 0 8 0 0 0 0 0
# Turn information for samurai of side 1 with weapon 2
# <turn>
185
# <cure period>
0
# Samurai states: <position x> <position y> <hiding>
11 12 1
11 2 1
5 12 0
-1 -1 1
-1 -1 1
-1 -1 1
# Battle field states
 9 9 9 9 9 9 9 9 1 1 1 1 1 1 8
 9 9 9 9 9 9 9 1 1 1 1 1 1 1 1
 9 9 9 9 9 9 1 1 1 1 1 1 1 1 1
 9 9 9 9 9 9 9 1 1 1 1 1 1 1 1
 9 9 9 9 9 9 9 9 1 1 1 1 1 1 1
 9 9 9 9 9 9 9 9 9 1 1 1 1 5 9
 9 9 9 9 9 9 9 9 9 9 1 1 5 9 9
 9 9 9 9 9 4 9 9 9 9 9 1 9 9 9
 9 9 9 9 2 2 4 9 9 9 1 1 0 9 9
 9 9 9 2 8 8 8 4 9 1 1 1 0 0 9
 9 9 2 2 8 8 8 0 0 0 0 0 0 0 0
 9 2 2 2 2 2 2 4 0 0 0 0 0 0 0
 8 2 2 2 2 2 2 0 0 0 0 0 0 0 0
 9 2 2 2 2 2 2 0 0 0 0 0 0 0 0
 9 9 2 2 2 2 2 0 0 8 0 0 0 0 0
# Turn information for samurai of side 1 with weapon 2
# <turn>
190
# <cure period>
0
# Samurai states: <position x> <position y> <hiding>
11 11 0
11 2 1
5 11 1
-1 -1 1
-1 -1 1
-1 -1 1
# Battle field states
 9 9 9 9 9 9 9 9 1 1 1 1 1 1 8
 9 9 9 9 9 9 9 1 1 1 1 1 1 1 1
 9 9 9 9 9 9 1 1 1 1 1 1 1 1 1
 9 9 9 9 9 9 9 1 1 1 1 1 1 1 1
 9 9 9 9 9 9 9 9 1 1 1 1 1 1 1
 9 9 9 9 9 9 9 9 9 1 1 1 1 5 9
 9 9 9 9 9 4 9 9 9 9 1 1 5 9 9
 9 9 9 9 2 4 4 9 9 9 1 1 5 9 9
 9 9 9 2 2 2 4 4 9 1 1 1 0 0 9
 9 9 2 2 8 8 8 4 4 1 1 1 0 0 8
 9 2 2 2 2 2 2 0 0 0 0 0 0 0 0
 8 2 2 2 2 2 2 0 0 0 0 0 0 0 0
 9 2 2 2 2 2 2 0 0 0 0 0 0 0 0
 9 9 2 2 2 2 2 0 0 0 0 0 0 0 0
 9 9 9 2 2 2 2 0 9 8 0 0 0 0 9
