3.52410911466 5.67829769374 2.59051554926 0.985129593942 1.58259252374 5.31388342623 -0.326173984257 1.28712558649 2.85694829768 12 0
4.06203206555 0.880624957521 5.96139559719 1.45055473383 1.36614866776 2.87169988764 1.39723239255 -0.866103053637 2.13442891528 23 0
4.92874932135 4.50738405141 2.34938397832 -1.46968016013 1.19990235441 -0.33999982963 0.66040663687 0.231843676553 0.98561944293 11 0
3.52410911466 5.67829769374 2.59051554926 0.985129593942 1.58259252374 5.31388342623 -0.326173984257 1.28712558649 2.85694829768 353 1
4.56292439621 1.26210837425 6.1443062503 1.00393376555 0.864456483398 2.54312143506 1.98758584627 -0.280255878399 2.36787910625 359 1
4.92874932135 4.50738405141 2.34938397832 -1.46968016013 1.19990235441 -0.33999982963 0.66040663687 0.231843676553 0.98561944293 351 1
3.52410911466 5.67829769374 2.59051554926 0.985129593942 1.58259252374 5.31388342623 -0.326173984257 1.28712558649 2.85694829768 338 1
4.06203206555 0.880624957521 5.96139559719 1.45055473383 1.36614866776 2.87169988764 1.39723239255 -0.866103053637 2.13442891528 345 1
4.92874932135 4.50738405141 2.34938397832 -1.46968016013 1.19990235441 -0.33999982963 0.66040663687 0.231843676553 0.98561944293 337 1
3.52410911466 5.67829769374 2.59051554926 0.985129593942 1.58259252374 5.31388342623 -0.326173984257 1.28712558649 2.85694829768 33 0
4.56292439621 1.26210837425 6.1443062503 1.00393376555 0.864456483398 2.54312143506 1.98758584627 -0.280255878399 2.36787910625 21 0
4.92874932135 4.50738405141 2.34938397832 -1.46968016013 1.19990235441 -0.33999982963 0.66040663687 0.231843676553 0.98561944293 35 0
3.52410911466 5.67829769374 2.59051554926 0.985129593942 1.58259252374 5.31388342623 -0.326173984257 1.28712558649 2.85694829768 332 1
4.06203206555 0.880624957521 5.96139559719 1.45055473383 1.36614866776 2.87169988764 1.39723239255 -0.866103053637 2.13442891528 340 1
4.92874932135 4.50738405141 2.34938397832 -1.46968016013 1.19990235441 -0.33999982963 0.66040663687 0.231843676553 0.98561944293 336 1
3.52410911466 5.67829769374 2.59051554926 0.985129593942 1.58259252374 5.31388342623 -0.326173984257 1.28712558649 2.85694829768 40 0
4.56292439621 1.26210837425 6.1443062503 1.00393376555 0.864456483398 2.54312143506 1.98758584627 -0.280255878399 2.36787910625 39 0
4.92874932135 4.50738405141 2.34938397832 -1.46968016013 1.19990235441 -0.33999982963 0.66040663687 0.231843676553 0.98561944293 23 0
3.52410911466 5.67829769374 2.59051554926 0.985129593942 1.58259252374 5.31388342623 -0.326173984257 1.28712558649 2.85694829768 42 0
4.06203206555 0.880624957521 5.96139559719 1.45055473383 1.36614866776 2.87169988764 1.39723239255 -0.866103053637 2.13442891528 38 0
4.92874932135 4.50738405141 2.34938397832 -1.46968016013 1.19990235441 -0.33999982963 0.66040663687 0.231843676553 0.98561944293 14 0
3.52410911466 5.67829769374 2.59051554926 0.985129593942 1.58259252374 5.31388342623 -0.326173984257 1.28712558649 2.85694829768 335 1
4.56292439621 1.26210837425 6.1443062503 1.00393376555 0.864456483398 2.54312143506 1.98758584627 -0.280255878399 2.36787910625 347 1
4.92874932135 4.50738405141 2.34938397832 -1.46968016013 1.19990235441 -0.33999982963 0.66040663687 0.231843676553 0.98561944293 323 1
3.52410911466 5.67829769374 2.59051554926 0.985129593942 1.58259252374 5.31388342623 -0.326173984257 1.28712558649 2.85694829768 33 0
4.06203206555 0.880624957521 5.96139559719 1.45055473383 1.36614866776 2.87169988764 1.39723239255 -0.866103053637 2.13442891528 38 0
4.92874932135 4.50738405141 2.34938397832 -1.46968016013 1.19990235441 -0.33999982963 0.66040663687 0.231843676553 0.98561944293 22 0
3.52410911466 5.67829769374 2.59051554926 0.985129593942 1.58259252374 5.31388342623 -0.326173984257 1.28712558649 2.85694829768 345 1
4.56292439621 1.26210837425 6.1443062503 1.00393376555 0.864456483398 2.54312143506 1.98758584627 -0.280255878399 2.36787910625 346 1
4.92874932135 4.50738405141 2.34938397832 -1.46968016013 1.19990235441 -0.33999982963 0.66040663687 0.231843676553 0.98561944293 320 1
3.52410911466 5.67829769374 2.59051554926 0.985129593942 1.58259252374 5.31388342623 -0.326173984257 1.28712558649 2.85694829768 32 0
4.06203206555 0.880624957521 5.96139559719 1.45055473383 1.36614866776 2.87169988764 1.39723239255 -0.866103053637 2.13442891528 36 0
4.92874932135 4.50738405141 2.34938397832 -1.46968016013 1.19990235441 -0.33999982963 0.66040663687 0.231843676553 0.98561944293 11 0
3.52410911466 5.67829769374 2.59051554926 0.985129593942 1.58259252374 5.31388342623 -0.326173984257 1.28712558649 2.85694829768 339 1
4.56292439621 1.26210837425 6.1443062503 1.00393376555 0.864456483398 2.54312143506 1.98758584627 -0.280255878399 2.36787910625 347 1
4.92874932135 4.50738405141 2.34938397832 -1.46968016013 1.19990235441 -0.33999982963 0.66040663687 0.231843676553 0.98561944293 340 1
3.52410911466 5.67829769374 2.59051554926 0.985129593942 1.58259252374 5.31388342623 -0.326173984257 1.28712558649 2.85694829768 19 0
4.06203206555 0.880624957521 5.96139559719 1.45055473383 1.36614866776 2.87169988764 1.39723239255 -0.866103053637 2.13442891528 20 0
4.92874932135 4.50738405141 2.34938397832 -1.46968016013 1.19990235441 -0.33999982963 0.66040663687 0.231843676553 0.98561944293 27 0
3.52410911466 5.67829769374 2.59051554926 0.985129593942 1.58259252374 5.31388342623 -0.326173984257 1.28712558649 2.85694829768 340 1
4.56292439621 1.26210837425 6.1443062503 1.00393376555 0.864456483398 2.54312143506 1.98758584627 -0.280255878399 2.36787910625 349 1
4.92874932135 4.50738405141 2.34938397832 -1.46968016013 1.19990235441 -0.33999982963 0.66040663687 0.231843676553 0.98561944293 340 1
3.52410911466 5.67829769374 2.59051554926 0.985129593942 1.58259252374 5.31388342623 -0.326173984257 1.28712558649 2.85694829768 36 0
4.06203206555 0.880624957521 5.96139559719 1.45055473383 1.36614866776 2.87169988764 1.39723239255 -0.866103053637 2.13442891528 15 0
4.92874932135 4.50738405141 2.34938397832 -1.46968016013 1.19990235441 -0.33999982963 0.66040663687 0.231843676553 0.98561944293 31 0
3.52410911466 5.67829769374 2.59051554926 0.985129593942 1.58259252374 5.31388342623 -0.326173984257 1.28712558649 2.85694829768 348 1
4.56292439621 1.26210837425 6.1443062503 1.00393376555 0.864456483398 2.54312143506 1.98758584627 -0.280255878399 2.36787910625 343 1
4.92874932135 4.50738405141 2.34938397832 -1.46968016013 1.19990235441 -0.33999982963 0.66040663687 0.231843676553 0.98561944293 313 1
3.52410911466 5.67829769374 2.59051554926 0.985129593942 1.58259252374 5.31388342623 -0.326173984257 1.28712558649 2.85694829768 36 0
4.06203206555 0.880624957521 5.96139559719 1.45055473383 1.36614866776 2.87169988764 1.39723239255 -0.866103053637 2.13442891528 37 0
4.92874932135 4.50738405141 2.34938397832 -1.46968016013 1.19990235441 -0.33999982963 0.66040663687 0.231843676553 0.98561944293 15 0
3.52410911466 5.67829769374 2.59051554926 0.985129593942 1.58259252374 5.31388342623 -0.326173984257 1.28712558649 2.85694829768 354 1
4.56292439621 1.26210837425 6.1443062503 1.00393376555 0.864456483398 2.54312143506 1.98758584627 -0.280255878399 2.36787910625 344 1
4.92874932135 4.50738405141 2.34938397832 -1.46968016013 1.19990235441 -0.33999982963 0.66040663687 0.231843676553 0.98561944293 331 1
3.52410911466 5.67829769374 2.59051554926 0.985129593942 1.58259252374 5.31388342623 -0.326173984257 1.28712558649 2.85694829768 17 0
4.06203206555 0.880624957521 5.96139559719 1.45055473383 1.36614866776 2.87169988764 1.39723239255 -0.866103053637 2.13442891528 28 0
4.92874932135 4.50738405141 2.34938397832 -1.46968016013 1.19990235441 -0.33999982963 0.66040663687 0.231843676553 0.98561944293 19 0
3.52410911466 5.67829769374 2.59051554926 0.985129593942 1.58259252374 5.31388342623 -0.326173984257 1.28712558649 2.85694829768 341 1
4.56292439621 1.26210837425 6.1443062503 1.00393376555 0.864456483398 2.54312143506 1.98758584627 -0.280255878399 2.36787910625 360 1
4.92874932135 4.50738405141 2.34938397832 -1.46968016013 1.19990235441 -0.33999982963 0.66040663687 0.231843676553 0.98561944293 344 1
3.52410911466 5.67829769374 2.59051554926 0.985129593942 1.58259252374 5.31388342623 -0.326173984257 1.28712558649 2.85694829768 29 0
4.06203206555 0.880624957521 5.96139559719 1.45055473383 1.36614866776 2.87169988764 1.39723239255 -0.866103053637 2.13442891528 28 0
4.92874932135 4.50738405141 2.34938397832 -1.46968016013 1.19990235441 -0.33999982963 0.66040663687 0.231843676553 0.98561944293 19 0
3.52410911466 5.67829769374 2.59051554926 0.985129593942 1.58259252374 5.31388342623 -0.326173984257 1.28712558649 2.85694829768 360 1
4.56292439621 1.26210837425 6.1443062503 1.00393376555 0.864456483398 2.54312143506 1.98758584627 -0.280255878399 2.36787910625 339 1
4.92874932135 4.50738405141 2.34938397832 -1.46968016013 1.19990235441 -0.33999982963 0.66040663687 0.231843676553 0.98561944293 328 1
3.52410911466 5.67829769374 2.59051554926 0.985129593942 1.58259252374 5.31388342623 -0.326173984257 1.28712558649 2.85694829768 44 0
4.06203206555 0.880624957521 5.96139559719 1.45055473383 1.36614866776 2.87169988764 1.39723239255 -0.866103053637 2.13442891528 32 0
4.92874932135 4.50738405141 2.34938397832 -1.46968016013 1.19990235441 -0.33999982963 0.66040663687 0.231843676553 0.98561944293 16 0
3.52410911466 5.67829769374 2.59051554926 0.985129593942 1.58259252374 5.31388342623 -0.326173984257 1.28712558649 2.85694829768 353 1
4.56292439621 1.26210837425 6.1443062503 1.00393376555 0.864456483398 2.54312143506 1.98758584627 -0.280255878399 2.36787910625 331 1
4.92874932135 4.50738405141 2.34938397832 -1.46968016013 1.19990235441 -0.33999982963 0.66040663687 0.231843676553 0.98561944293 321 1
3.52410911466 5.67829769374 2.59051554926 0.985129593942 1.58259252374 5.31388342623 -0.326173984257 1.28712558649 2.85694829768 32 0
4.06203206555 0.880624957521 5.96139559719 1.45055473383 1.36614866776 2.87169988764 1.39723239255 -0.866103053637 2.13442891528 28 0
4.92874932135 4.50738405141 2.34938397832 -1.46968016013 1.19990235441 -0.33999982963 0.66040663687 0.231843676553 0.98561944293 23 0
3.52410911466 5.67829769374 2.59051554926 0.985129593942 1.58259252374 5.31388342623 -0.326173984257 1.28712558649 2.85694829768 343 1
4.56292439621 1.26210837425 6.1443062503 1.00393376555 0.864456483398 2.54312143506 1.98758584627 -0.280255878399 2.36787910625 340 1
4.92874932135 4.50738405141 2.34938397832 -1.46968016013 1.19990235441 -0.33999982963 0.66040663687 0.231843676553 0.98561944293 331 1
3.52410911466 5.67829769374 2.59051554926 0.985129593942 1.58259252374 5.31388342623 -0.326173984257 1.28712558649 2.85694829768 39 0
4.06203206555 0.880624957521 5.96139559719 1.45055473383 1.36614866776 2.87169988764 1.39723239255 -0.866103053637 2.13442891528 29 0
4.92874932135 4.50738405141 2.34938397832 -1.46968016013 1.19990235441 -0.33999982963 0.66040663687 0.231843676553 0.98561944293 25 0
3.52410911466 5.67829769374 2.59051554926 0.985129593942 1.58259252374 5.31388342623 -0.326173984257 1.28712558649 2.85694829768 338 1
4.56292439621 1.26210837425 6.1443062503 1.00393376555 0.864456483398 2.54312143506 1.98758584627 -0.280255878399 2.36787910625 345 1
4.92874932135 4.50738405141 2.34938397832 -1.46968016013 1.19990235441 -0.33999982963 0.66040663687 0.231843676553 0.98561944293 324 1
3.52410911466 5.67829769374 2.59051554926 0.985129593942 1.58259252374 5.31388342623 -0.326173984257 1.28712558649 2.85694829768 342 1
4.06203206555 0.880624957521 5.96139559719 1.45055473383 1.36614866776 2.87169988764 1.39723239255 -0.866103053637 2.13442891528 332 1
4.92874932135 4.50738405141 2.34938397832 -1.46968016013 1.19990235441 -0.33999982963 0.66040663687 0.231843676553 0.98561944293 329 1
3.52410911466 5.67829769374 2.59051554926 0.985129593942 1.58259252374 5.31388342623 -0.326173984257 1.28712558649 2.85694829768 31 0
4.56292439621 1.26210837425 6.1443062503 1.00393376555 0.864456483398 2.54312143506 1.98758584627 -0.280255878399 2.36787910625 38 0
4.92874932135 4.50738405141 2.34938397832 -1.46968016013 1.19990235441 -0.33999982963 0.66040663687 0.231843676553 0.98561944293 33 0
3.52410911466 5.67829769374 2.59051554926 0.985129593942 1.58259252374 5.31388342623 -0.326173984257 1.28712558649 2.85694829768 21 0
4.06203206555 0.880624957521 5.96139559719 1.45055473383 1.36614866776 2.87169988764 1.39723239255 -0.866103053637 2.13442891528 32 0
4.92874932135 4.50738405141 2.34938397832 -1.46968016013 1.19990235441 -0.33999982963 0.66040663687 0.231843676553 0.98561944293 18 0
3.52410911466 5.67829769374 2.59051554926 0.985129593942 1.58259252374 5.31388342623 -0.326173984257 1.28712558649 2.85694829768 352 1
4.56292439621 1.26210837425 6.1443062503 1.00393376555 0.864456483398 2.54312143506 1.98758584627 -0.280255878399 2.36787910625 343 1
4.92874932135 4.50738405141 2.34938397832 -1.46968016013 1.19990235441 -0.33999982963 0.66040663687 0.231843676553 0.98561944293 343 1
3.52410911466 5.67829769374 2.59051554926 0.985129593942 1.58259252374 5.31388342623 -0.326173984257 1.28712558649 2.85694829768 30 0
4.06203206555 0.880624957521 5.96139559719 1.45055473383 1.36614866776 2.87169988764 1.39723239255 -0.866103053637 2.13442891528 23 0
4.92874932135 4.50738405141 2.34938397832 -1.46968016013 1.19990235441 -0.33999982963 0.66040663687 0.231843676553 0.98561944293 39 0
3.52410911466 5.67829769374 2.59051554926 0.985129593942 1.58259252374 5.31388342623 -0.326173984257 1.28712558649 2.85694829768 339 1
4.56292439621 1.26210837425 6.1443062503 1.00393376555 0.864456483398 2.54312143506 1.98758584627 -0.280255878399 2.36787910625 347 1
4.92874932135 4.50738405141 2.34938397832 -1.46968016013 1.19990235441 -0.33999982963 0.66040663687 0.231843676553 0.98561944293 334 1
3.52410911466 5.67829769374 2.59051554926 0.985129593942 1.58259252374 5.31388342623 -0.326173984257 1.28712558649 2.85694829768 20 0
4.06203206555 0.880624957521 5.96139559719 1.45055473383 1.36614866776 2.87169988764 1.39723239255 -0.866103053637 2.13442891528 35 0
4.92874932135 4.50738405141 2.34938397832 -1.46968016013 1.19990235441 -0.33999982963 0.66040663687 0.231843676553 0.98561944293 20 0
3.52410911466 5.67829769374 2.59051554926 0.985129593942 1.58259252374 5.31388342623 -0.326173984257 1.28712558649 2.85694829768 344 1
4.56292439621 1.26210837425 6.1443062503 1.00393376555 0.864456483398 2.54312143506 1.98758584627 -0.280255878399 2.36787910625 348 1
4.92874932135 4.50738405141 2.34938397832 -1.46968016013 1.19990235441 -0.33999982963 0.66040663687 0.231843676553 0.98561944293 338 1
3.52410911466 5.67829769374 2.59051554926 0.985129593942 1.58259252374 5.31388342623 -0.326173984257 1.28712558649 2.85694829768 35 0
4.06203206555 0.880624957521 5.96139559719 1.45055473383 1.36614866776 2.87169988764 1.39723239255 -0.866103053637 2.13442891528 33 0
4.92874932135 4.50738405141 2.34938397832 -1.46968016013 1.19990235441 -0.33999982963 0.66040663687 0.231843676553 0.98561944293 11 0
3.52410911466 5.67829769374 2.59051554926 0.985129593942 1.58259252374 5.31388342623 -0.326173984257 1.28712558649 2.85694829768 334 1
4.56292439621 1.26210837425 6.1443062503 1.00393376555 0.864456483398 2.54312143506 1.98758584627 -0.280255878399 2.36787910625 358 1
4.92874932135 4.50738405141 2.34938397832 -1.46968016013 1.19990235441 -0.33999982963 0.66040663687 0.231843676553 0.98561944293 338 1
3.52410911466 5.67829769374 2.59051554926 0.985129593942 1.58259252374 5.31388342623 -0.326173984257 1.28712558649 2.85694829768 30 0
4.06203206555 0.880624957521 5.96139559719 1.45055473383 1.36614866776 2.87169988764 1.39723239255 -0.866103053637 2.13442891528 23 0
4.92874932135 4.50738405141 2.34938397832 -1.46968016013 1.19990235441 -0.33999982963 0.66040663687 0.231843676553 0.98561944293 28 0
3.52410911466 5.67829769374 2.59051554926 0.985129593942 1.58259252374 5.31388342623 -0.326173984257 1.28712558649 2.85694829768 353 1
4.56292439621 1.26210837425 6.1443062503 1.00393376555 0.864456483398 2.54312143506 1.98758584627 -0.280255878399 2.36787910625 338 1
4.92874932135 4.50738405141 2.34938397832 -1.46968016013 1.19990235441 -0.33999982963 0.66040663687 0.231843676553 0.98561944293 331 1
3.52410911466 5.67829769374 2.59051554926 0.985129593942 1.58259252374 5.31388342623 -0.326173984257 1.28712558649 2.85694829768 15 0
4.56292439621 1.26210837425 6.1443062503 1.00393376555 0.864456483398 2.54312143506 1.98758584627 -0.280255878399 2.36787910625 20 0
4.92874932135 4.50738405141 2.34938397832 -1.46968016013 1.19990235441 -0.33999982963 0.66040663687 0.231843676553 0.98561944293 34 0
3.52410911466 5.67829769374 2.59051554926 0.985129593942 1.58259252374 5.31388342623 -0.326173984257 1.28712558649 2.85694829768 350 1
4.06203206555 0.880624957521 5.96139559719 1.45055473383 1.36614866776 2.87169988764 1.39723239255 -0.866103053637 2.13442891528 341 1
4.92874932135 4.50738405141 2.34938397832 -1.46968016013 1.19990235441 -0.33999982963 0.66040663687 0.231843676553 0.98561944293 335 1
3.52410911466 5.67829769374 2.59051554926 0.985129593942 1.58259252374 5.31388342623 -0.326173984257 1.28712558649 2.85694829768 363 1
4.56292439621 1.26210837425 6.1443062503 1.00393376555 0.864456483398 2.54312143506 1.98758584627 -0.280255878399 2.36787910625 350 1
4.92874932135 4.50738405141 2.34938397832 -1.46968016013 1.19990235441 -0.33999982963 0.66040663687 0.231843676553 0.98561944293 321 1
3.52410911466 5.67829769374 2.59051554926 0.985129593942 1.58259252374 5.31388342623 -0.326173984257 1.28712558649 2.85694829768 31 0
4.06203206555 0.880624957521 5.96139559719 1.45055473383 1.36614866776 2.87169988764 1.39723239255 -0.866103053637 2.13442891528 35 0
4.92874932135 4.50738405141 2.34938397832 -1.46968016013 1.19990235441 -0.33999982963 0.66040663687 0.231843676553 0.98561944293 13 0
3.52410911466 5.67829769374 2.59051554926 0.985129593942 1.58259252374 5.31388342623 -0.326173984257 1.28712558649 2.85694829768 33 0
4.56292439621 1.26210837425 6.1443062503 1.00393376555 0.864456483398 2.54312143506 1.98758584627 -0.280255878399 2.36787910625 46 0
4.92874932135 4.50738405141 2.34938397832 -1.46968016013 1.19990235441 -0.33999982963 0.66040663687 0.231843676553 0.98561944293 17 0
3.52410911466 5.67829769374 2.59051554926 0.985129593942 1.58259252374 5.31388342623 -0.326173984257 1.28712558649 2.85694829768 345 1
4.06203206555 0.880624957521 5.96139559719 1.45055473383 1.36614866776 2.87169988764 1.39723239255 -0.866103053637 2.13442891528 328 1
4.92874932135 4.50738405141 2.34938397832 -1.46968016013 1.19990235441 -0.33999982963 0.66040663687 0.231843676553 0.98561944293 337 1
3.52410911466 5.67829769374 2.59051554926 0.985129593942 1.58259252374 5.31388342623 -0.326173984257 1.28712558649 2.85694829768 34 0
4.56292439621 1.26210837425 6.1443062503 1.00393376555 0.864456483398 2.54312143506 1.98758584627 -0.280255878399 2.36787910625 41 0
4.92874932135 4.50738405141 2.34938397832 -1.46968016013 1.19990235441 -0.33999982963 0.66040663687 0.231843676553 0.98561944293 17 0
3.52410911466 5.67829769374 2.59051554926 0.985129593942 1.58259252374 5.31388342623 -0.326173984257 1.28712558649 2.85694829768 327 1
4.06203206555 0.880624957521 5.96139559719 1.45055473383 1.36614866776 2.87169988764 1.39723239255 -0.866103053637 2.13442891528 346 1
4.92874932135 4.50738405141 2.34938397832 -1.46968016013 1.19990235441 -0.33999982963 0.66040663687 0.231843676553 0.98561944293 336 1
3.52410911466 5.67829769374 2.59051554926 0.985129593942 1.58259252374 5.31388342623 -0.326173984257 1.28712558649 2.85694829768 348 1
4.56292439621 1.26210837425 6.1443062503 1.00393376555 0.864456483398 2.54312143506 1.98758584627 -0.280255878399 2.36787910625 356 1
4.92874932135 4.50738405141 2.34938397832 -1.46968016013 1.19990235441 -0.33999982963 0.66040663687 0.231843676553 0.98561944293 341 1
3.52410911466 5.67829769374 2.59051554926 0.985129593942 1.58259252374 5.31388342623 -0.326173984257 1.28712558649 2.85694829768 13 0
4.06203206555 0.880624957521 5.96139559719 1.45055473383 1.36614866776 2.87169988764 1.39723239255 -0.866103053637 2.13442891528 30 0
4.92874932135 4.50738405141 2.34938397832 -1.46968016013 1.19990235441 -0.33999982963 0.66040663687 0.231843676553 0.98561944293 30 0
3.52410911466 5.67829769374 2.59051554926 0.985129593942 1.58259252374 5.31388342623 -0.326173984257 1.28712558649 2.85694829768 22 0
4.56292439621 1.26210837425 6.1443062503 1.00393376555 0.864456483398 2.54312143506 1.98758584627 -0.280255878399 2.36787910625 44 0
4.92874932135 4.50738405141 2.34938397832 -1.46968016013 1.19990235441 -0.33999982963 0.66040663687 0.231843676553 0.98561944293 20 0
3.52410911466 5.67829769374 2.59051554926 0.985129593942 1.58259252374 5.31388342623 -0.326173984257 1.28712558649 2.85694829768 349 1
4.06203206555 0.880624957521 5.96139559719 1.45055473383 1.36614866776 2.87169988764 1.39723239255 -0.866103053637 2.13442891528 329 1
4.92874932135 4.50738405141 2.34938397832 -1.46968016013 1.19990235441 -0.33999982963 0.66040663687 0.231843676553 0.98561944293 335 1
3.52410911466 5.67829769374 2.59051554926 0.985129593942 1.58259252374 5.31388342623 -0.326173984257 1.28712558649 2.85694829768 357 1
4.56292439621 1.26210837425 6.1443062503 1.00393376555 0.864456483398 2.54312143506 1.98758584627 -0.280255878399 2.36787910625 352 1
4.92874932135 4.50738405141 2.34938397832 -1.46968016013 1.19990235441 -0.33999982963 0.66040663687 0.231843676553 0.98561944293 335 1
3.52410911466 5.67829769374 2.59051554926 0.985129593942 1.58259252374 5.31388342623 -0.326173984257 1.28712558649 2.85694829768 26 0
4.06203206555 0.880624957521 5.96139559719 1.45055473383 1.36614866776 2.87169988764 1.39723239255 -0.866103053637 2.13442891528 28 0
4.92874932135 4.50738405141 2.34938397832 -1.46968016013 1.19990235441 -0.33999982963 0.66040663687 0.231843676553 0.98561944293 16 0
3.52410911466 5.67829769374 2.59051554926 0.985129593942 1.58259252374 5.31388342623 -0.326173984257 1.28712558649 2.85694829768 351 1
4.56292439621 1.26210837425 6.1443062503 1.00393376555 0.864456483398 2.54312143506 1.98758584627 -0.280255878399 2.36787910625 351 1
4.92874932135 4.50738405141 2.34938397832 -1.46968016013 1.19990235441 -0.33999982963 0.66040663687 0.231843676553 0.98561944293 349 1
3.52410911466 5.67829769374 2.59051554926 0.985129593942 1.58259252374 5.31388342623 -0.326173984257 1.28712558649 2.85694829768 18 0
4.06203206555 0.880624957521 5.96139559719 1.45055473383 1.36614866776 2.87169988764 1.39723239255 -0.866103053637 2.13442891528 23 0
4.92874932135 4.50738405141 2.34938397832 -1.46968016013 1.19990235441 -0.33999982963 0.66040663687 0.231843676553 0.98561944293 25 0
3.52410911466 5.67829769374 2.59051554926 0.985129593942 1.58259252374 5.31388342623 -0.326173984257 1.28712558649 2.85694829768 13 0
4.56292439621 1.26210837425 6.1443062503 1.00393376555 0.864456483398 2.54312143506 1.98758584627 -0.280255878399 2.36787910625 45 0
4.92874932135 4.50738405141 2.34938397832 -1.46968016013 1.19990235441 -0.33999982963 0.66040663687 0.231843676553 0.98561944293 30 0
3.52410911466 5.67829769374 2.59051554926 0.985129593942 1.58259252374 5.31388342623 -0.326173984257 1.28712558649 2.85694829768 339 1
4.06203206555 0.880624957521 5.96139559719 1.45055473383 1.36614866776 2.87169988764 1.39723239255 -0.866103053637 2.13442891528 337 1
4.92874932135 4.50738405141 2.34938397832 -1.46968016013 1.19990235441 -0.33999982963 0.66040663687 0.231843676553 0.98561944293 343 1
3.52410911466 5.67829769374 2.59051554926 0.985129593942 1.58259252374 5.31388342623 -0.326173984257 1.28712558649 2.85694829768 350 1
4.56292439621 1.26210837425 6.1443062503 1.00393376555 0.864456483398 2.54312143506 1.98758584627 -0.280255878399 2.36787910625 355 1
4.92874932135 4.50738405141 2.34938397832 -1.46968016013 1.19990235441 -0.33999982963 0.66040663687 0.231843676553 0.98561944293 340 1
3.52410911466 5.67829769374 2.59051554926 0.985129593942 1.58259252374 5.31388342623 -0.326173984257 1.28712558649 2.85694829768 21 0
4.06203206555 0.880624957521 5.96139559719 1.45055473383 1.36614866776 2.87169988764 1.39723239255 -0.866103053637 2.13442891528 27 0
4.92874932135 4.50738405141 2.34938397832 -1.46968016013 1.19990235441 -0.33999982963 0.66040663687 0.231843676553 0.98561944293 12 0
3.52410911466 5.67829769374 2.59051554926 0.985129593942 1.58259252374 5.31388342623 -0.326173984257 1.28712558649 2.85694829768 338 1
4.56292439621 1.26210837425 6.1443062503 1.00393376555 0.864456483398 2.54312143506 1.98758584627 -0.280255878399 2.36787910625 331 1
4.92874932135 4.50738405141 2.34938397832 -1.46968016013 1.19990235441 -0.33999982963 0.66040663687 0.231843676553 0.98561944293 344 1
3.52410911466 5.67829769374 2.59051554926 0.985129593942 1.58259252374 5.31388342623 -0.326173984257 1.28712558649 2.85694829768 36 0
4.06203206555 0.880624957521 5.96139559719 1.45055473383 1.36614866776 2.87169988764 1.39723239255 -0.866103053637 2.13442891528 28 0
4.92874932135 4.50738405141 2.34938397832 -1.46968016013 1.19990235441 -0.33999982963 0.66040663687 0.231843676553 0.98561944293 36 0
3.52410911466 5.67829769374 2.59051554926 0.985129593942 1.58259252374 5.31388342623 -0.326173984257 1.28712558649 2.85694829768 346 1
4.56292439621 1.26210837425 6.1443062503 1.00393376555 0.864456483398 2.54312143506 1.98758584627 -0.280255878399 2.36787910625 335 1
4.92874932135 4.50738405141 2.34938397832 -1.46968016013 1.19990235441 -0.33999982963 0.66040663687 0.231843676553 0.98561944293 341 1
3.52410911466 5.67829769374 2.59051554926 0.985129593942 1.58259252374 5.31388342623 -0.326173984257 1.28712558649 2.85694829768 37 0
4.06203206555 0.880624957521 5.96139559719 1.45055473383 1.36614866776 2.87169988764 1.39723239255 -0.866103053637 2.13442891528 27 0
4.92874932135 4.50738405141 2.34938397832 -1.46968016013 1.19990235441 -0.33999982963 0.66040663687 0.231843676553 0.98561944293 23 0
3.52410911466 5.67829769374 2.59051554926 0.985129593942 1.58259252374 5.31388342623 -0.326173984257 1.28712558649 2.85694829768 36 0
4.56292439621 1.26210837425 6.1443062503 1.00393376555 0.864456483398 2.54312143506 1.98758584627 -0.280255878399 2.36787910625 15 0
4.92874932135 4.50738405141 2.34938397832 -1.46968016013 1.19990235441 -0.33999982963 0.66040663687 0.231843676553 0.98561944293 35 0
3.52410911466 5.67829769374 2.59051554926 0.985129593942 1.58259252374 5.31388342623 -0.326173984257 1.28712558649 2.85694829768 350 1
4.06203206555 0.880624957521 5.96139559719 1.45055473383 1.36614866776 2.87169988764 1.39723239255 -0.866103053637 2.13442891528 335 1
4.92874932135 4.50738405141 2.34938397832 -1.46968016013 1.19990235441 -0.33999982963 0.66040663687 0.231843676553 0.98561944293 332 1
3.52410911466 5.67829769374 2.59051554926 0.985129593942 1.58259252374 5.31388342623 -0.326173984257 1.28712558649 2.85694829768 349 1
4.56292439621 1.26210837425 6.1443062503 1.00393376555 0.864456483398 2.54312143506 1.98758584627 -0.280255878399 2.36787910625 358 1
4.92874932135 4.50738405141 2.34938397832 -1.46968016013 1.19990235441 -0.33999982963 0.66040663687 0.231843676553 0.98561944293 342 1
3.52410911466 5.67829769374 2.59051554926 0.985129593942 1.58259252374 5.31388342623 -0.326173984257 1.28712558649 2.85694829768 14 0
4.06203206555 0.880624957521 5.96139559719 1.45055473383 1.36614866776 2.87169988764 1.39723239255 -0.866103053637 2.13442891528 24 0
4.92874932135 4.50738405141 2.34938397832 -1.46968016013 1.19990235441 -0.33999982963 0.66040663687 0.231843676553 0.98561944293 17 0
3.52410911466 5.67829769374 2.59051554926 0.985129593942 1.58259252374 5.31388342623 -0.326173984257 1.28712558649 2.85694829768 321 1
4.56292439621 1.26210837425 6.1443062503 1.00393376555 0.864456483398 2.54312143506 1.98758584627 -0.280255878399 2.36787910625 353 1
4.92874932135 4.50738405141 2.34938397832 -1.46968016013 1.19990235441 -0.33999982963 0.66040663687 0.231843676553 0.98561944293 331 1
3.52410911466 5.67829769374 2.59051554926 0.985129593942 1.58259252374 5.31388342623 -0.326173984257 1.28712558649 2.85694829768 43 0
4.06203206555 0.880624957521 5.96139559719 1.45055473383 1.36614866776 2.87169988764 1.39723239255 -0.866103053637 2.13442891528 25 0
4.92874932135 4.50738405141 2.34938397832 -1.46968016013 1.19990235441 -0.33999982963 0.66040663687 0.231843676553 0.98561944293 31 0
3.52410911466 5.67829769374 2.59051554926 0.985129593942 1.58259252374 5.31388342623 -0.326173984257 1.28712558649 2.85694829768 359 1
4.56292439621 1.26210837425 6.1443062503 1.00393376555 0.864456483398 2.54312143506 1.98758584627 -0.280255878399 2.36787910625 328 1
4.92874932135 4.50738405141 2.34938397832 -1.46968016013 1.19990235441 -0.33999982963 0.66040663687 0.231843676553 0.98561944293 328 1
3.52410911466 5.67829769374 2.59051554926 0.985129593942 1.58259252374 5.31388342623 -0.326173984257 1.28712558649 2.85694829768 45 0
4.06203206555 0.880624957521 5.96139559719 1.45055473383 1.36614866776 2.87169988764 1.39723239255 -0.866103053637 2.13442891528 27 0
4.92874932135 4.50738405141 2.34938397832 -1.46968016013 1.19990235441 -0.33999982963 0.66040663687 0.231843676553 0.98561944293 17 0
3.52410911466 5.67829769374 2.59051554926 0.985129593942 1.58259252374 5.31388342623 -0.326173984257 1.28712558649 2.85694829768 25 0
4.56292439621 1.26210837425 6.1443062503 1.00393376555 0.864456483398 2.54312143506 1.98758584627 -0.280255878399 2.36787910625 27 0
4.92874932135 4.50738405141 2.34938397832 -1.46968016013 1.19990235441 -0.33999982963 0.66040663687 0.231843676553 0.98561944293 30 0
3.52410911466 5.67829769374 2.59051554926 0.985129593942 1.58259252374 5.31388342623 -0.326173984257 1.28712558649 2.85694829768 337 1
4.06203206555 0.880624957521 5.96139559719 1.45055473383 1.36614866776 2.87169988764 1.39723239255 -0.866103053637 2.13442891528 349 1
4.92874932135 4.50738405141 2.34938397832 -1.46968016013 1.19990235441 -0.33999982963 0.66040663687 0.231843676553 0.98561944293 339 1
3.52410911466 5.67829769374 2.59051554926 0.985129593942 1.58259252374 5.31388342623 -0.326173984257 1.28712558649 2.85694829768 329 1
4.56292439621 1.26210837425 6.1443062503 1.00393376555 0.864456483398 2.54312143506 1.98758584627 -0.280255878399 2.36787910625 340 1
4.92874932135 4.50738405141 2.34938397832 -1.46968016013 1.19990235441 -0.33999982963 0.66040663687 0.231843676553 0.98561944293 346 1
3.52410911466 5.67829769374 2.59051554926 0.985129593942 1.58259252374 5.31388342623 -0.326173984257 1.28712558649 2.85694829768 33 0
4.06203206555 0.880624957521 5.96139559719 1.45055473383 1.36614866776 2.87169988764 1.39723239255 -0.866103053637 2.13442891528 21 0
4.92874932135 4.50738405141 2.34938397832 -1.46968016013 1.19990235441 -0.33999982963 0.66040663687 0.231843676553 0.98561944293 32 0
3.52410911466 5.67829769374 2.59051554926 0.985129593942 1.58259252374 5.31388342623 -0.326173984257 1.28712558649 2.85694829768 345 1
4.56292439621 1.26210837425 6.1443062503 1.00393376555 0.864456483398 2.54312143506 1.98758584627 -0.280255878399 2.36787910625 354 1
4.92874932135 4.50738405141 2.34938397832 -1.46968016013 1.19990235441 -0.33999982963 0.66040663687 0.231843676553 0.98561944293 331 1
3.52410911466 5.67829769374 2.59051554926 0.985129593942 1.58259252374 5.31388342623 -0.326173984257 1.28712558649 2.85694829768 25 0
4.06203206555 0.880624957521 5.96139559719 1.45055473383 1.36614866776 2.87169988764 1.39723239255 -0.866103053637 2.13442891528 26 0
4.92874932135 4.50738405141 2.34938397832 -1.46968016013 1.19990235441 -0.33999982963 0.66040663687 0.231843676553 0.98561944293 13 0
3.52410911466 5.67829769374 2.59051554926 0.985129593942 1.58259252374 5.31388342623 -0.326173984257 1.28712558649 2.85694829768 345 1
4.56292439621 1.26210837425 6.1443062503 1.00393376555 0.864456483398 2.54312143506 1.98758584627 -0.280255878399 2.36787910625 342 1
4.92874932135 4.50738405141 2.34938397832 -1.46968016013 1.19990235441 -0.33999982963 0.66040663687 0.231843676553 0.98561944293 329 1
3.52410911466 5.67829769374 2.59051554926 0.985129593942 1.58259252374 5.31388342623 -0.326173984257 1.28712558649 2.85694829768 37 0
4.06203206555 0.880624957521 5.96139559719 1.45055473383 1.36614866776 2.87169988764 1.39723239255 -0.866103053637 2.13442891528 20 0
4.92874932135 4.50738405141 2.34938397832 -1.46968016013 1.19990235441 -0.33999982963 0.66040663687 0.231843676553 0.98561944293 31 0
3.52410911466 5.67829769374 2.59051554926 0.985129593942 1.58259252374 5.31388342623 -0.326173984257 1.28712558649 2.85694829768 26 0
4.48055329725 0.862965016938 5.60585370456 1.56463086396 0.52781559762 3.07254564764 1.59912905369 -0.353287038517 2.53702596207 32 0
4.92874932135 4.50738405141 2.34938397832 -1.46968016013 1.19990235441 -0.33999982963 0.66040663687 0.231843676553 0.98561944293 29 0
3.52410911466 5.67829769374 2.59051554926 0.985129593942 1.58259252374 5.31388342623 -0.326173984257 1.28712558649 2.85694829768 356 1
4.56292439621 1.26210837425 6.1443062503 1.00393376555 0.864456483398 2.54312143506 1.98758584627 -0.280255878399 2.36787910625 341 1
4.92874932135 4.50738405141 2.34938397832 -1.46968016013 1.19990235441 -0.33999982963 0.66040663687 0.231843676553 0.98561944293 327 1
3.52410911466 5.67829769374 2.59051554926 0.985129593942 1.58259252374 5.31388342623 -0.326173984257 1.28712558649 2.85694829768 19 0
4.48055329725 0.862965016938 5.60585370456 1.56463086396 0.52781559762 3.07254564764 1.59912905369 -0.353287038517 2.53702596207 38 0
4.92874932135 4.50738405141 2.34938397832 -1.46968016013 1.19990235441 -0.33999982963 0.66040663687 0.231843676553 0.98561944293 22 0
3.52410911466 5.67829769374 2.59051554926 0.985129593942 1.58259252374 5.31388342623 -0.326173984257 1.28712558649 2.85694829768 350 1
4.56292439621 1.26210837425 6.1443062503 1.00393376555 0.864456483398 2.54312143506 1.98758584627 -0.280255878399 2.36787910625 354 1
4.92874932135 4.50738405141 2.34938397832 -1.46968016013 1.19990235441 -0.33999982963 0.66040663687 0.231843676553 0.98561944293 333 1
3.52410911466 5.67829769374 2.59051554926 0.985129593942 1.58259252374 5.31388342623 -0.326173984257 1.28712558649 2.85694829768 34 0
4.48055329725 0.862965016938 5.60585370456 1.56463086396 0.52781559762 3.07254564764 1.59912905369 -0.353287038517 2.53702596207 33 0
4.92874932135 4.50738405141 2.34938397832 -1.46968016013 1.19990235441 -0.33999982963 0.66040663687 0.231843676553 0.98561944293 29 0
3.52410911466 5.67829769374 2.59051554926 0.985129593942 1.58259252374 5.31388342623 -0.326173984257 1.28712558649 2.85694829768 337 1
4.56292439621 1.26210837425 6.1443062503 1.00393376555 0.864456483398 2.54312143506 1.98758584627 -0.280255878399 2.36787910625 342 1
4.92874932135 4.50738405141 2.34938397832 -1.46968016013 1.19990235441 -0.33999982963 0.66040663687 0.231843676553 0.98561944293 338 1
3.52410911466 5.67829769374 2.59051554926 0.985129593942 1.58259252374 5.31388342623 -0.326173984257 1.28712558649 2.85694829768 28 0
4.48055329725 0.862965016938 5.60585370456 1.56463086396 0.52781559762 3.07254564764 1.59912905369 -0.353287038517 2.53702596207 19 0
4.92874932135 4.50738405141 2.34938397832 -1.46968016013 1.19990235441 -0.33999982963 0.66040663687 0.231843676553 0.98561944293 9 0
3.52410911466 5.67829769374 2.59051554926 0.985129593942 1.58259252374 5.31388342623 -0.326173984257 1.28712558649 2.85694829768 346 1
4.56292439621 1.26210837425 6.1443062503 1.00393376555 0.864456483398 2.54312143506 1.98758584627 -0.280255878399 2.36787910625 343 1
4.92874932135 4.50738405141 2.34938397832 -1.46968016013 1.19990235441 -0.33999982963 0.66040663687 0.231843676553 0.98561944293 346 1
3.52410911466 5.67829769374 2.59051554926 0.985129593942 1.58259252374 5.31388342623 -0.326173984257 1.28712558649 2.85694829768 26 0
4.48055329725 0.862965016938 5.60585370456 1.56463086396 0.52781559762 3.07254564764 1.59912905369 -0.353287038517 2.53702596207 46 0
4.92874932135 4.50738405141 2.34938397832 -1.46968016013 1.19990235441 -0.33999982963 0.66040663687 0.231843676553 0.98561944293 22 0
3.52410911466 5.67829769374 2.59051554926 0.985129593942 1.58259252374 5.31388342623 -0.326173984257 1.28712558649 2.85694829768 341 1
4.56292439621 1.26210837425 6.1443062503 1.00393376555 0.864456483398 2.54312143506 1.98758584627 -0.280255878399 2.36787910625 343 1
4.92874932135 4.50738405141 2.34938397832 -1.46968016013 1.19990235441 -0.33999982963 0.66040663687 0.231843676553 0.98561944293 338 1
3.52410911466 5.67829769374 2.59051554926 0.985129593942 1.58259252374 5.31388342623 -0.326173984257 1.28712558649 2.85694829768 18 0
4.48055329725 0.862965016938 5.60585370456 1.56463086396 0.52781559762 3.07254564764 1.59912905369 -0.353287038517 2.53702596207 11 0
4.92874932135 4.50738405141 2.34938397832 -1.46968016013 1.19990235441 -0.33999982963 0.66040663687 0.231843676553 0.98561944293 18 0
3.52410911466 5.67829769374 2.59051554926 0.985129593942 1.58259252374 5.31388342623 -0.326173984257 1.28712558649 2.85694829768 340 1
4.56292439621 1.26210837425 6.1443062503 1.00393376555 0.864456483398 2.54312143506 1.98758584627 -0.280255878399 2.36787910625 362 1
4.92874932135 4.50738405141 2.34938397832 -1.46968016013 1.19990235441 -0.33999982963 0.66040663687 0.231843676553 0.98561944293 360 1
3.52410911466 5.67829769374 2.59051554926 0.985129593942 1.58259252374 5.31388342623 -0.326173984257 1.28712558649 2.85694829768 34 0
4.48055329725 0.862965016938 5.60585370456 1.56463086396 0.52781559762 3.07254564764 1.59912905369 -0.353287038517 2.53702596207 32 0
4.92874932135 4.50738405141 2.34938397832 -1.46968016013 1.19990235441 -0.33999982963 0.66040663687 0.231843676553 0.98561944293 18 0
3.52410911466 5.67829769374 2.59051554926 0.985129593942 1.58259252374 5.31388342623 -0.326173984257 1.28712558649 2.85694829768 346 1
4.56292439621 1.26210837425 6.1443062503 1.00393376555 0.864456483398 2.54312143506 1.98758584627 -0.280255878399 2.36787910625 338 1
4.92874932135 4.50738405141 2.34938397832 -1.46968016013 1.19990235441 -0.33999982963 0.66040663687 0.231843676553 0.98561944293 331 1
3.52410911466 5.67829769374 2.59051554926 0.985129593942 1.58259252374 5.31388342623 -0.326173984257 1.28712558649 2.85694829768 346 1
4.48055329725 0.862965016938 5.60585370456 1.56463086396 0.52781559762 3.07254564764 1.59912905369 -0.353287038517 2.53702596207 329 1
4.92874932135 4.50738405141 2.34938397832 -1.46968016013 1.19990235441 -0.33999982963 0.66040663687 0.231843676553 0.98561944293 336 1
3.52410911466 5.67829769374 2.59051554926 0.985129593942 1.58259252374 5.31388342623 -0.326173984257 1.28712558649 2.85694829768 47 0
4.56292439621 1.26210837425 6.1443062503 1.00393376555 0.864456483398 2.54312143506 1.98758584627 -0.280255878399 2.36787910625 39 0
4.92874932135 4.50738405141 2.34938397832 -1.46968016013 1.19990235441 -0.33999982963 0.66040663687 0.231843676553 0.98561944293 15 0
3.52410911466 5.67829769374 2.59051554926 0.985129593942 1.58259252374 5.31388342623 -0.326173984257 1.28712558649 2.85694829768 20 0
4.48055329725 0.862965016938 5.60585370456 1.56463086396 0.52781559762 3.07254564764 1.59912905369 -0.353287038517 2.53702596207 23 0
4.92874932135 4.50738405141 2.34938397832 -1.46968016013 1.19990235441 -0.33999982963 0.66040663687 0.231843676553 0.98561944293 19 0
3.52410911466 5.67829769374 2.59051554926 0.985129593942 1.58259252374 5.31388342623 -0.326173984257 1.28712558649 2.85694829768 352 1
4.56292439621 1.26210837425 6.1443062503 1.00393376555 0.864456483398 2.54312143506 1.98758584627 -0.280255878399 2.36787910625 345 1
4.92874932135 4.50738405141 2.34938397832 -1.46968016013 1.19990235441 -0.33999982963 0.66040663687 0.231843676553 0.98561944293 350 1
3.52410911466 5.67829769374 2.59051554926 0.985129593942 1.58259252374 5.31388342623 -0.326173984257 1.28712558649 2.85694829768 343 1
4.48055329725 0.862965016938 5.60585370456 1.56463086396 0.52781559762 3.07254564764 1.59912905369 -0.353287038517 2.53702596207 347 1
4.92874932135 4.50738405141 2.34938397832 -1.46968016013 1.19990235441 -0.33999982963 0.66040663687 0.231843676553 0.98561944293 336 1
3.52410911466 5.67829769374 2.59051554926 0.985129593942 1.58259252374 5.31388342623 -0.326173984257 1.28712558649 2.85694829768 25 0
4.56292439621 1.26210837425 6.1443062503 1.00393376555 0.864456483398 2.54312143506 1.98758584627 -0.280255878399 2.36787910625 32 0
4.92874932135 4.50738405141 2.34938397832 -1.46968016013 1.19990235441 -0.33999982963 0.66040663687 0.231843676553 0.98561944293 32 0
3.52410911466 5.67829769374 2.59051554926 0.985129593942 1.58259252374 5.31388342623 -0.326173984257 1.28712558649 2.85694829768 31 0
4.48055329725 0.862965016938 5.60585370456 1.56463086396 0.52781559762 3.07254564764 1.59912905369 -0.353287038517 2.53702596207 25 0
4.92874932135 4.50738405141 2.34938397832 -1.46968016013 1.19990235441 -0.33999982963 0.66040663687 0.231843676553 0.98561944293 29 0
3.52410911466 5.67829769374 2.59051554926 0.985129593942 1.58259252374 5.31388342623 -0.326173984257 1.28712558649 2.85694829768 351 1
4.56292439621 1.26210837425 6.1443062503 1.00393376555 0.864456483398 2.54312143506 1.98758584627 -0.280255878399 2.36787910625 331 1
4.92874932135 4.50738405141 2.34938397832 -1.46968016013 1.19990235441 -0.33999982963 0.66040663687 0.231843676553 0.98561944293 336 1
3.52410911466 5.67829769374 2.59051554926 0.985129593942 1.58259252374 5.31388342623 -0.326173984257 1.28712558649 2.85694829768 25 0
4.48055329725 0.862965016938 5.60585370456 1.56463086396 0.52781559762 3.07254564764 1.59912905369 -0.353287038517 2.53702596207 25 0
4.92874932135 4.50738405141 2.34938397832 -1.46968016013 1.19990235441 -0.33999982963 0.66040663687 0.231843676553 0.98561944293 36 0
3.52410911466 5.67829769374 2.59051554926 0.985129593942 1.58259252374 5.31388342623 -0.326173984257 1.28712558649 2.85694829768 336 1
4.56292439621 1.26210837425 6.1443062503 1.00393376555 0.864456483398 2.54312143506 1.98758584627 -0.280255878399 2.36787910625 337 1
4.92874932135 4.50738405141 2.34938397832 -1.46968016013 1.19990235441 -0.33999982963 0.66040663687 0.231843676553 0.98561944293 347 1
3.52410911466 5.67829769374 2.59051554926 0.985129593942 1.58259252374 5.31388342623 -0.326173984257 1.28712558649 2.85694829768 40 0
4.48055329725 0.862965016938 5.60585370456 1.56463086396 0.52781559762 3.07254564764 1.59912905369 -0.353287038517 2.53702596207 28 0
4.92874932135 4.50738405141 2.34938397832 -1.46968016013 1.19990235441 -0.33999982963 0.66040663687 0.231843676553 0.98561944293 29 0
3.52410911466 5.67829769374 2.59051554926 0.985129593942 1.58259252374 5.31388342623 -0.326173984257 1.28712558649 2.85694829768 356 1
4.56292439621 1.26210837425 6.1443062503 1.00393376555 0.864456483398 2.54312143506 1.98758584627 -0.280255878399 2.36787910625 333 1
4.92874932135 4.50738405141 2.34938397832 -1.46968016013 1.19990235441 -0.33999982963 0.66040663687 0.231843676553 0.98561944293 325 1
3.52410911466 5.67829769374 2.59051554926 0.985129593942 1.58259252374 5.31388342623 -0.326173984257 1.28712558649 2.85694829768 188 2
4.48055329725 0.862965016938 5.60585370456 1.56463086396 0.52781559762 3.07254564764 1.59912905369 -0.353287038517 2.53702596207 180 2
4.92874932135 4.50738405141 2.34938397832 -1.46968016013 1.19990235441 -0.33999982963 0.66040663687 0.231843676553 0.98561944293 183 2
3.52410911466 5.67829769374 2.59051554926 0.985129593942 1.58259252374 5.31388342623 -0.326173984257 1.28712558649 2.85694829768 197 2
4.56292439621 1.26210837425 6.1443062503 1.00393376555 0.864456483398 2.54312143506 1.98758584627 -0.280255878399 2.36787910625 195 2
4.92874932135 4.50738405141 2.34938397832 -1.46968016013 1.19990235441 -0.33999982963 0.66040663687 0.231843676553 0.98561944293 159 2
3.52410911466 5.67829769374 2.59051554926 0.985129593942 1.58259252374 5.31388342623 -0.326173984257 1.28712558649 2.85694829768 15 0
4.48055329725 0.862965016938 5.60585370456 1.56463086396 0.52781559762 3.07254564764 1.59912905369 -0.353287038517 2.53702596207 34 0
4.92874932135 4.50738405141 2.34938397832 -1.46968016013 1.19990235441 -0.33999982963 0.66040663687 0.231843676553 0.98561944293 14 0
3.52410911466 5.67829769374 2.59051554926 0.985129593942 1.58259252374 5.31388342623 -0.326173984257 1.28712558649 2.85694829768 355 1
4.56292439621 1.26210837425 6.1443062503 1.00393376555 0.864456483398 2.54312143506 1.98758584627 -0.280255878399 2.36787910625 340 1
4.92874932135 4.50738405141 2.34938397832 -1.46968016013 1.19990235441 -0.33999982963 0.66040663687 0.231843676553 0.98561944293 349 1
3.52410911466 5.67829769374 2.59051554926 0.985129593942 1.58259252374 5.31388342623 -0.326173984257 1.28712558649 2.85694829768 341 1
4.48055329725 0.862965016938 5.60585370456 1.56463086396 0.52781559762 3.07254564764 1.59912905369 -0.353287038517 2.53702596207 332 1
4.92874932135 4.50738405141 2.34938397832 -1.46968016013 1.19990235441 -0.33999982963 0.66040663687 0.231843676553 0.98561944293 336 1
3.52410911466 5.67829769374 2.59051554926 0.985129593942 1.58259252374 5.31388342623 -0.326173984257 1.28712558649 2.85694829768 34 0
4.56292439621 1.26210837425 6.1443062503 1.00393376555 0.864456483398 2.54312143506 1.98758584627 -0.280255878399 2.36787910625 52 0
4.92874932135 4.50738405141 2.34938397832 -1.46968016013 1.19990235441 -0.33999982963 0.66040663687 0.231843676553 0.98561944293 21 0
3.52410911466 5.67829769374 2.59051554926 0.985129593942 1.58259252374 5.31388342623 -0.326173984257 1.28712558649 2.85694829768 23 0
4.48055329725 0.862965016938 5.60585370456 1.56463086396 0.52781559762 3.07254564764 1.59912905369 -0.353287038517 2.53702596207 28 0
4.92874932135 4.50738405141 2.34938397832 -1.46968016013 1.19990235441 -0.33999982963 0.66040663687 0.231843676553 0.98561944293 26 0
3.52410911466 5.67829769374 2.59051554926 0.985129593942 1.58259252374 5.31388342623 -0.326173984257 1.28712558649 2.85694829768 344 1
4.56292439621 1.26210837425 6.1443062503 1.00393376555 0.864456483398 2.54312143506 1.98758584627 -0.280255878399 2.36787910625 348 1
4.92874932135 4.50738405141 2.34938397832 -1.46968016013 1.19990235441 -0.33999982963 0.66040663687 0.231843676553 0.98561944293 337 1
3.52410911466 5.67829769374 2.59051554926 0.985129593942 1.58259252374 5.31388342623 -0.326173984257 1.28712558649 2.85694829768 30 0
4.48055329725 0.862965016938 5.60585370456 1.56463086396 0.52781559762 3.07254564764 1.59912905369 -0.353287038517 2.53702596207 28 0
4.92874932135 4.50738405141 2.34938397832 -1.46968016013 1.19990235441 -0.33999982963 0.66040663687 0.231843676553 0.98561944293 11 0
3.52410911466 5.67829769374 2.59051554926 0.985129593942 1.58259252374 5.31388342623 -0.326173984257 1.28712558649 2.85694829768 345 1
4.56292439621 1.26210837425 6.1443062503 1.00393376555 0.864456483398 2.54312143506 1.98758584627 -0.280255878399 2.36787910625 343 1
4.92874932135 4.50738405141 2.34938397832 -1.46968016013 1.19990235441 -0.33999982963 0.66040663687 0.231843676553 0.98561944293 355 1
3.52410911466 5.67829769374 2.59051554926 0.985129593942 1.58259252374 5.31388342623 -0.326173984257 1.28712558649 2.85694829768 358 1
4.48055329725 0.862965016938 5.60585370456 1.56463086396 0.52781559762 3.07254564764 1.59912905369 -0.353287038517 2.53702596207 333 1
4.92874932135 4.50738405141 2.34938397832 -1.46968016013 1.19990235441 -0.33999982963 0.66040663687 0.231843676553 0.98561944293 330 1
3.52410911466 5.67829769374 2.59051554926 0.985129593942 1.58259252374 5.31388342623 -0.326173984257 1.28712558649 2.85694829768 39 0
4.56292439621 1.26210837425 6.1443062503 1.00393376555 0.864456483398 2.54312143506 1.98758584627 -0.280255878399 2.36787910625 24 0
4.92874932135 4.50738405141 2.34938397832 -1.46968016013 1.19990235441 -0.33999982963 0.66040663687 0.231843676553 0.98561944293 26 0
3.52410911466 5.67829769374 2.59051554926 0.985129593942 1.58259252374 5.31388342623 -0.326173984257 1.28712558649 2.85694829768 24 0
4.48055329725 0.862965016938 5.60585370456 1.56463086396 0.52781559762 3.07254564764 1.59912905369 -0.353287038517 2.53702596207 30 0
4.92874932135 4.50738405141 2.34938397832 -1.46968016013 1.19990235441 -0.33999982963 0.66040663687 0.231843676553 0.98561944293 21 0
3.52410911466 5.67829769374 2.59051554926 0.985129593942 1.58259252374 5.31388342623 -0.326173984257 1.28712558649 2.85694829768 342 1
4.56292439621 1.26210837425 6.1443062503 1.00393376555 0.864456483398 2.54312143506 1.98758584627 -0.280255878399 2.36787910625 349 1
4.92874932135 4.50738405141 2.34938397832 -1.46968016013 1.19990235441 -0.33999982963 0.66040663687 0.231843676553 0.98561944293 344 1
3.52410911466 5.67829769374 2.59051554926 0.985129593942 1.58259252374 5.31388342623 -0.326173984257 1.28712558649 2.85694829768 341 1
4.56292439621 1.26210837425 6.1443062503 1.00393376555 0.864456483398 2.54312143506 1.98758584627 -0.280255878399 2.36787910625 348 1
4.92874932135 4.50738405141 2.34938397832 -1.46968016013 1.19990235441 -0.33999982963 0.66040663687 0.231843676553 0.98561944293 335 1
3.52410911466 5.67829769374 2.59051554926 0.985129593942 1.58259252374 5.31388342623 -0.326173984257 1.28712558649 2.85694829768 24 0
4.48055329725 0.862965016938 5.60585370456 1.56463086396 0.52781559762 3.07254564764 1.59912905369 -0.353287038517 2.53702596207 33 0
4.92874932135 4.50738405141 2.34938397832 -1.46968016013 1.19990235441 -0.33999982963 0.66040663687 0.231843676553 0.98561944293 17 0
3.52410911466 5.67829769374 2.59051554926 0.985129593942 1.58259252374 5.31388342623 -0.326173984257 1.28712558649 2.85694829768 33 0
4.56292439621 1.26210837425 6.1443062503 1.00393376555 0.864456483398 2.54312143506 1.98758584627 -0.280255878399 2.36787910625 43 0
4.92874932135 4.50738405141 2.34938397832 -1.46968016013 1.19990235441 -0.33999982963 0.66040663687 0.231843676553 0.98561944293 18 0
3.52410911466 5.67829769374 2.59051554926 0.985129593942 1.58259252374 5.31388342623 -0.326173984257 1.28712558649 2.85694829768 340 1
4.48055329725 0.862965016938 5.60585370456 1.56463086396 0.52781559762 3.07254564764 1.59912905369 -0.353287038517 2.53702596207 341 1
4.92874932135 4.50738405141 2.34938397832 -1.46968016013 1.19990235441 -0.33999982963 0.66040663687 0.231843676553 0.98561944293 334 1
3.52410911466 5.67829769374 2.59051554926 0.985129593942 1.58259252374 5.31388342623 -0.326173984257 1.28712558649 2.85694829768 20 0
4.56292439621 1.26210837425 6.1443062503 1.00393376555 0.864456483398 2.54312143506 1.98758584627 -0.280255878399 2.36787910625 22 0
4.92874932135 4.50738405141 2.34938397832 -1.46968016013 1.19990235441 -0.33999982963 0.66040663687 0.231843676553 0.98561944293 28 0
3.52410911466 5.67829769374 2.59051554926 0.985129593942 1.58259252374 5.31388342623 -0.326173984257 1.28712558649 2.85694829768 347 1
4.48055329725 0.862965016938 5.60585370456 1.56463086396 0.52781559762 3.07254564764 1.59912905369 -0.353287038517 2.53702596207 350 1
4.92874932135 4.50738405141 2.34938397832 -1.46968016013 1.19990235441 -0.33999982963 0.66040663687 0.231843676553 0.98561944293 342 1
3.52410911466 5.67829769374 2.59051554926 0.985129593942 1.58259252374 5.31388342623 -0.326173984257 1.28712558649 2.85694829768 18 0
4.56292439621 1.26210837425 6.1443062503 1.00393376555 0.864456483398 2.54312143506 1.98758584627 -0.280255878399 2.36787910625 19 0
4.92874932135 4.50738405141 2.34938397832 -1.46968016013 1.19990235441 -0.33999982963 0.66040663687 0.231843676553 0.98561944293 28 0
3.52410911466 5.67829769374 2.59051554926 0.985129593942 1.58259252374 5.31388342623 -0.326173984257 1.28712558649 2.85694829768 336 1
4.48055329725 0.862965016938 5.60585370456 1.56463086396 0.52781559762 3.07254564764 1.59912905369 -0.353287038517 2.53702596207 338 1
4.92874932135 4.50738405141 2.34938397832 -1.46968016013 1.19990235441 -0.33999982963 0.66040663687 0.231843676553 0.98561944293 357 1
3.52410911466 5.67829769374 2.59051554926 0.985129593942 1.58259252374 5.31388342623 -0.326173984257 1.28712558649 2.85694829768 336 1
4.56292439621 1.26210837425 6.1443062503 1.00393376555 0.864456483398 2.54312143506 1.98758584627 -0.280255878399 2.36787910625 348 1
4.92874932135 4.50738405141 2.34938397832 -1.46968016013 1.19990235441 -0.33999982963 0.66040663687 0.231843676553 0.98561944293 319 1
3.52410911466 5.67829769374 2.59051554926 0.985129593942 1.58259252374 5.31388342623 -0.326173984257 1.28712558649 2.85694829768 26 0
4.48055329725 0.862965016938 5.60585370456 1.56463086396 0.52781559762 3.07254564764 1.59912905369 -0.353287038517 2.53702596207 25 0
4.92874932135 4.50738405141 2.34938397832 -1.46968016013 1.19990235441 -0.33999982963 0.66040663687 0.231843676553 0.98561944293 44 0
3.52410911466 5.67829769374 2.59051554926 0.985129593942 1.58259252374 5.31388342623 -0.326173984257 1.28712558649 2.85694829768 36 0
4.56292439621 1.26210837425 6.1443062503 1.00393376555 0.864456483398 2.54312143506 1.98758584627 -0.280255878399 2.36787910625 25 0
4.92874932135 4.50738405141 2.34938397832 -1.46968016013 1.19990235441 -0.33999982963 0.66040663687 0.231843676553 0.98561944293 32 0
3.52410911466 5.67829769374 2.59051554926 0.985129593942 1.58259252374 5.31388342623 -0.326173984257 1.28712558649 2.85694829768 332 1
4.48055329725 0.862965016938 5.60585370456 1.56463086396 0.52781559762 3.07254564764 1.59912905369 -0.353287038517 2.53702596207 323 1
4.92874932135 4.50738405141 2.34938397832 -1.46968016013 1.19990235441 -0.33999982963 0.66040663687 0.231843676553 0.98561944293 356 1
3.52410911466 5.67829769374 2.59051554926 0.985129593942 1.58259252374 5.31388342623 -0.326173984257 1.28712558649 2.85694829768 328 1
4.56292439621 1.26210837425 6.1443062503 1.00393376555 0.864456483398 2.54312143506 1.98758584627 -0.280255878399 2.36787910625 355 1
4.92874932135 4.50738405141 2.34938397832 -1.46968016013 1.19990235441 -0.33999982963 0.66040663687 0.231843676553 0.98561944293 324 1
3.52410911466 5.67829769374 2.59051554926 0.985129593942 1.58259252374 5.31388342623 -0.326173984257 1.28712558649 2.85694829768 20 0
4.48055329725 0.862965016938 5.60585370456 1.56463086396 0.52781559762 3.07254564764 1.59912905369 -0.353287038517 2.53702596207 40 0
4.92874932135 4.50738405141 2.34938397832 -1.46968016013 1.19990235441 -0.33999982963 0.66040663687 0.231843676553 0.98561944293 38 0
3.52410911466 5.67829769374 2.59051554926 0.985129593942 1.58259252374 5.31388342623 -0.326173984257 1.28712558649 2.85694829768 335 1
4.56292439621 1.26210837425 6.1443062503 1.00393376555 0.864456483398 2.54312143506 1.98758584627 -0.280255878399 2.36787910625 345 1
4.92874932135 4.50738405141 2.34938397832 -1.46968016013 1.19990235441 -0.33999982963 0.66040663687 0.231843676553 0.98561944293 352 1
3.52410911466 5.67829769374 2.59051554926 0.985129593942 1.58259252374 5.31388342623 -0.326173984257 1.28712558649 2.85694829768 29 0
4.48055329725 0.862965016938 5.60585370456 1.56463086396 0.52781559762 3.07254564764 1.59912905369 -0.353287038517 2.53702596207 20 0
4.92874932135 4.50738405141 2.34938397832 -1.46968016013 1.19990235441 -0.33999982963 0.66040663687 0.231843676553 0.98561944293 36 0
3.52410911466 5.67829769374 2.59051554926 0.985129593942 1.58259252374 5.31388342623 -0.326173984257 1.28712558649 2.85694829768 36 0
4.56292439621 1.26210837425 6.1443062503 1.00393376555 0.864456483398 2.54312143506 1.98758584627 -0.280255878399 2.36787910625 40 0
4.92874932135 4.50738405141 2.34938397832 -1.46968016013 1.19990235441 -0.33999982963 0.66040663687 0.231843676553 0.98561944293 26 0
3.52410911466 5.67829769374 2.59051554926 0.985129593942 1.58259252374 5.31388342623 -0.326173984257 1.28712558649 2.85694829768 334 1
4.48055329725 0.862965016938 5.60585370456 1.56463086396 0.52781559762 3.07254564764 1.59912905369 -0.353287038517 2.53702596207 330 1
4.92874932135 4.50738405141 2.34938397832 -1.46968016013 1.19990235441 -0.33999982963 0.66040663687 0.231843676553 0.98561944293 340 1
3.52410911466 5.67829769374 2.59051554926 0.985129593942 1.58259252374 5.31388342623 -0.326173984257 1.28712558649 2.85694829768 340 1
4.56292439621 1.26210837425 6.1443062503 1.00393376555 0.864456483398 2.54312143506 1.98758584627 -0.280255878399 2.36787910625 349 1
4.92874932135 4.50738405141 2.34938397832 -1.46968016013 1.19990235441 -0.33999982963 0.66040663687 0.231843676553 0.98561944293 340 1
3.52410911466 5.67829769374 2.59051554926 0.985129593942 1.58259252374 5.31388342623 -0.326173984257 1.28712558649 2.85694829768 16 0
4.48055329725 0.862965016938 5.60585370456 1.56463086396 0.52781559762 3.07254564764 1.59912905369 -0.353287038517 2.53702596207 43 0
4.92874932135 4.50738405141 2.34938397832 -1.46968016013 1.19990235441 -0.33999982963 0.66040663687 0.231843676553 0.98561944293 24 0
3.52410911466 5.67829769374 2.59051554926 0.985129593942 1.58259252374 5.31388342623 -0.326173984257 1.28712558649 2.85694829768 351 1
4.56292439621 1.26210837425 6.1443062503 1.00393376555 0.864456483398 2.54312143506 1.98758584627 -0.280255878399 2.36787910625 358 1
4.92874932135 4.50738405141 2.34938397832 -1.46968016013 1.19990235441 -0.33999982963 0.66040663687 0.231843676553 0.98561944293 330 1
3.52410911466 5.67829769374 2.59051554926 0.985129593942 1.58259252374 5.31388342623 -0.326173984257 1.28712558649 2.85694829768 22 0
4.48055329725 0.862965016938 5.60585370456 1.56463086396 0.52781559762 3.07254564764 1.59912905369 -0.353287038517 2.53702596207 25 0
4.92874932135 4.50738405141 2.34938397832 -1.46968016013 1.19990235441 -0.33999982963 0.66040663687 0.231843676553 0.98561944293 19 0
3.52410911466 5.67829769374 2.59051554926 0.985129593942 1.58259252374 5.31388342623 -0.326173984257 1.28712558649 2.85694829768 335 1
4.56292439621 1.26210837425 6.1443062503 1.00393376555 0.864456483398 2.54312143506 1.98758584627 -0.280255878399 2.36787910625 345 1
4.92874932135 4.50738405141 2.34938397832 -1.46968016013 1.19990235441 -0.33999982963 0.66040663687 0.231843676553 0.98561944293 329 1
3.52410911466 5.67829769374 2.59051554926 0.985129593942 1.58259252374 5.31388342623 -0.326173984257 1.28712558649 2.85694829768 30 0
4.48055329725 0.862965016938 5.60585370456 1.56463086396 0.52781559762 3.07254564764 1.59912905369 -0.353287038517 2.53702596207 31 0
4.92874932135 4.50738405141 2.34938397832 -1.46968016013 1.19990235441 -0.33999982963 0.66040663687 0.231843676553 0.98561944293 43 0
3.52410911466 5.67829769374 2.59051554926 0.985129593942 1.58259252374 5.31388342623 -0.326173984257 1.28712558649 2.85694829768 358 1
4.56292439621 1.26210837425 6.1443062503 1.00393376555 0.864456483398 2.54312143506 1.98758584627 -0.280255878399 2.36787910625 333 1
4.92874932135 4.50738405141 2.34938397832 -1.46968016013 1.19990235441 -0.33999982963 0.66040663687 0.231843676553 0.98561944293 322 1
3.52410911466 5.67829769374 2.59051554926 0.985129593942 1.58259252374 5.31388342623 -0.326173984257 1.28712558649 2.85694829768 53 0
4.48055329725 0.862965016938 5.60585370456 1.56463086396 0.52781559762 3.07254564764 1.59912905369 -0.353287038517 2.53702596207 28 0
4.92874932135 4.50738405141 2.34938397832 -1.46968016013 1.19990235441 -0.33999982963 0.66040663687 0.231843676553 0.98561944293 14 0
3.52410911466 5.67829769374 2.59051554926 0.985129593942 1.58259252374 5.31388342623 -0.326173984257 1.28712558649 2.85694829768 26 0
4.56292439621 1.26210837425 6.1443062503 1.00393376555 0.864456483398 2.54312143506 1.98758584627 -0.280255878399 2.36787910625 26 0
4.92874932135 4.50738405141 2.34938397832 -1.46968016013 1.19990235441 -0.33999982963 0.66040663687 0.231843676553 0.98561944293 25 0
3.52410911466 5.67829769374 2.59051554926 0.985129593942 1.58259252374 5.31388342623 -0.326173984257 1.28712558649 2.85694829768 343 1
4.48055329725 0.862965016938 5.60585370456 1.56463086396 0.52781559762 3.07254564764 1.59912905369 -0.353287038517 2.53702596207 338 1
4.92874932135 4.50738405141 2.34938397832 -1.46968016013 1.19990235441 -0.33999982963 0.66040663687 0.231843676553 0.98561944293 349 1
3.52410911466 5.67829769374 2.59051554926 0.985129593942 1.58259252374 5.31388342623 -0.326173984257 1.28712558649 2.85694829768 32 0
4.56292439621 1.26210837425 6.1443062503 1.00393376555 0.864456483398 2.54312143506 1.98758584627 -0.280255878399 2.36787910625 31 0
4.92874932135 4.50738405141 2.34938397832 -1.46968016013 1.19990235441 -0.33999982963 0.66040663687 0.231843676553 0.98561944293 41 0
3.52410911466 5.67829769374 2.59051554926 0.985129593942 1.58259252374 5.31388342623 -0.326173984257 1.28712558649 2.85694829768 328 1
4.48055329725 0.862965016938 5.60585370456 1.56463086396 0.52781559762 3.07254564764 1.59912905369 -0.353287038517 2.53702596207 348 1
4.92874932135 4.50738405141 2.34938397832 -1.46968016013 1.19990235441 -0.33999982963 0.66040663687 0.231843676553 0.98561944293 331 1
3.52410911466 5.67829769374 2.59051554926 0.985129593942 1.58259252374 5.31388342623 -0.326173984257 1.28712558649 2.85694829768 332 1
4.56292439621 1.26210837425 6.1443062503 1.00393376555 0.864456483398 2.54312143506 1.98758584627 -0.280255878399 2.36787910625 356 1
4.92874932135 4.50738405141 2.34938397832 -1.46968016013 1.19990235441 -0.33999982963 0.66040663687 0.231843676553 0.98561944293 337 1
3.52410911466 5.67829769374 2.59051554926 0.985129593942 1.58259252374 5.31388342623 -0.326173984257 1.28712558649 2.85694829768 14 0
4.48055329725 0.862965016938 5.60585370456 1.56463086396 0.52781559762 3.07254564764 1.59912905369 -0.353287038517 2.53702596207 41 0
4.92874932135 4.50738405141 2.34938397832 -1.46968016013 1.19990235441 -0.33999982963 0.66040663687 0.231843676553 0.98561944293 26 0
3.52410911466 5.67829769374 2.59051554926 0.985129593942 1.58259252374 5.31388342623 -0.326173984257 1.28712558649 2.85694829768 359 1
4.56292439621 1.26210837425 6.1443062503 1.00393376555 0.864456483398 2.54312143506 1.98758584627 -0.280255878399 2.36787910625 353 1
4.92874932135 4.50738405141 2.34938397832 -1.46968016013 1.19990235441 -0.33999982963 0.66040663687 0.231843676553 0.98561944293 338 1
3.52410911466 5.67829769374 2.59051554926 0.985129593942 1.58259252374 5.31388342623 -0.326173984257 1.28712558649 2.85694829768 18 0
4.48055329725 0.862965016938 5.60585370456 1.56463086396 0.52781559762 3.07254564764 1.59912905369 -0.353287038517 2.53702596207 43 0
4.92874932135 4.50738405141 2.34938397832 -1.46968016013 1.19990235441 -0.33999982963 0.66040663687 0.231843676553 0.98561944293 7 0
3.52410911466 5.67829769374 2.59051554926 0.985129593942 1.58259252374 5.31388342623 -0.326173984257 1.28712558649 2.85694829768 15 0
4.56292439621 1.26210837425 6.1443062503 1.00393376555 0.864456483398 2.54312143506 1.98758584627 -0.280255878399 2.36787910625 24 0
4.92874932135 4.50738405141 2.34938397832 -1.46968016013 1.19990235441 -0.33999982963 0.66040663687 0.231843676553 0.98561944293 27 0
3.52410911466 5.67829769374 2.59051554926 0.985129593942 1.58259252374 5.31388342623 -0.326173984257 1.28712558649 2.85694829768 345 1
4.48055329725 0.862965016938 5.60585370456 1.56463086396 0.52781559762 3.07254564764 1.59912905369 -0.353287038517 2.53702596207 352 1
4.92874932135 4.50738405141 2.34938397832 -1.46968016013 1.19990235441 -0.33999982963 0.66040663687 0.231843676553 0.98561944293 348 1
3.52410911466 5.67829769374 2.59051554926 0.985129593942 1.58259252374 5.31388342623 -0.326173984257 1.28712558649 2.85694829768 13 0
4.56292439621 1.26210837425 6.1443062503 1.00393376555 0.864456483398 2.54312143506 1.98758584627 -0.280255878399 2.36787910625 24 0
4.92874932135 4.50738405141 2.34938397832 -1.46968016013 1.19990235441 -0.33999982963 0.66040663687 0.231843676553 0.98561944293 33 0
3.52410911466 5.67829769374 2.59051554926 0.985129593942 1.58259252374 5.31388342623 -0.326173984257 1.28712558649 2.85694829768 355 1
4.48055329725 0.862965016938 5.60585370456 1.56463086396 0.52781559762 3.07254564764 1.59912905369 -0.353287038517 2.53702596207 333 1
4.92874932135 4.50738405141 2.34938397832 -1.46968016013 1.19990235441 -0.33999982963 0.66040663687 0.231843676553 0.98561944293 355 1
3.52410911466 5.67829769374 2.59051554926 0.985129593942 1.58259252374 5.31388342623 -0.326173984257 1.28712558649 2.85694829768 333 1
4.56292439621 1.26210837425 6.1443062503 1.00393376555 0.864456483398 2.54312143506 1.98758584627 -0.280255878399 2.36787910625 360 1
4.92874932135 4.50738405141 2.34938397832 -1.46968016013 1.19990235441 -0.33999982963 0.66040663687 0.231843676553 0.98561944293 340 1
3.52410911466 5.67829769374 2.59051554926 0.985129593942 1.58259252374 5.31388342623 -0.326173984257 1.28712558649 2.85694829768 19 0
4.48055329725 0.862965016938 5.60585370456 1.56463086396 0.52781559762 3.07254564764 1.59912905369 -0.353287038517 2.53702596207 36 0
4.92874932135 4.50738405141 2.34938397832 -1.46968016013 1.19990235441 -0.33999982963 0.66040663687 0.231843676553 0.98561944293 24 0
3.52410911466 5.67829769374 2.59051554926 0.985129593942 1.58259252374 5.31388342623 -0.326173984257 1.28712558649 2.85694829768 335 1
4.83222966036 1.30251062928 6.17984135308 0.800237549106 0.483792928966 2.97427788372 1.86838311987 0.298421974841 2.23144088676 334 1
4.92874932135 4.50738405141 2.34938397832 -1.46968016013 1.19990235441 -0.33999982963 0.66040663687 0.231843676553 0.98561944293 338 1
3.52410911466 5.67829769374 2.59051554926 0.985129593942 1.58259252374 5.31388342623 -0.326173984257 1.28712558649 2.85694829768 28 0
4.56292439621 1.26210837425 6.1443062503 1.00393376555 0.864456483398 2.54312143506 1.98758584627 -0.280255878399 2.36787910625 34 0
4.92874932135 4.50738405141 2.34938397832 -1.46968016013 1.19990235441 -0.33999982963 0.66040663687 0.231843676553 0.98561944293 39 0
3.52410911466 5.67829769374 2.59051554926 0.985129593942 1.58259252374 5.31388342623 -0.326173984257 1.28712558649 2.85694829768 29 0
4.83222966036 1.30251062928 6.17984135308 0.800237549106 0.483792928966 2.97427788372 1.86838311987 0.298421974841 2.23144088676 22 0
4.92874932135 4.50738405141 2.34938397832 -1.46968016013 1.19990235441 -0.33999982963 0.66040663687 0.231843676553 0.98561944293 25 0
3.52410911466 5.67829769374 2.59051554926 0.985129593942 1.58259252374 5.31388342623 -0.326173984257 1.28712558649 2.85694829768 342 1
4.56292439621 1.26210837425 6.1443062503 1.00393376555 0.864456483398 2.54312143506 1.98758584627 -0.280255878399 2.36787910625 347 1
4.92874932135 4.50738405141 2.34938397832 -1.46968016013 1.19990235441 -0.33999982963 0.66040663687 0.231843676553 0.98561944293 339 1
3.52410911466 5.67829769374 2.59051554926 0.985129593942 1.58259252374 5.31388342623 -0.326173984257 1.28712558649 2.85694829768 23 0
4.83222966036 1.30251062928 6.17984135308 0.800237549106 0.483792928966 2.97427788372 1.86838311987 0.298421974841 2.23144088676 24 0
4.92874932135 4.50738405141 2.34938397832 -1.46968016013 1.19990235441 -0.33999982963 0.66040663687 0.231843676553 0.98561944293 35 0
3.52410911466 5.67829769374 2.59051554926 0.985129593942 1.58259252374 5.31388342623 -0.326173984257 1.28712558649 2.85694829768 334 1
4.56292439621 1.26210837425 6.1443062503 1.00393376555 0.864456483398 2.54312143506 1.98758584627 -0.280255878399 2.36787910625 348 1
4.92874932135 4.50738405141 2.34938397832 -1.46968016013 1.19990235441 -0.33999982963 0.66040663687 0.231843676553 0.98561944293 340 1
3.52410911466 5.67829769374 2.59051554926 0.985129593942 1.58259252374 5.31388342623 -0.326173984257 1.28712558649 2.85694829768 329 1
4.83222966036 1.30251062928 6.17984135308 0.800237549106 0.483792928966 2.97427788372 1.86838311987 0.298421974841 2.23144088676 339 1
4.92874932135 4.50738405141 2.34938397832 -1.46968016013 1.19990235441 -0.33999982963 0.66040663687 0.231843676553 0.98561944293 347 1
3.52410911466 5.67829769374 2.59051554926 0.985129593942 1.58259252374 5.31388342623 -0.326173984257 1.28712558649 2.85694829768 31 0
4.56292439621 1.26210837425 6.1443062503 1.00393376555 0.864456483398 2.54312143506 1.98758584627 -0.280255878399 2.36787910625 40 0
4.92874932135 4.50738405141 2.34938397832 -1.46968016013 1.19990235441 -0.33999982963 0.66040663687 0.231843676553 0.98561944293 28 0
3.52410911466 5.67829769374 2.59051554926 0.985129593942 1.58259252374 5.31388342623 -0.326173984257 1.28712558649 2.85694829768 14 0
4.83222966036 1.30251062928 6.17984135308 0.800237549106 0.483792928966 2.97427788372 1.86838311987 0.298421974841 2.23144088676 28 0
4.92874932135 4.50738405141 2.34938397832 -1.46968016013 1.19990235441 -0.33999982963 0.66040663687 0.231843676553 0.98561944293 49 0
3.52410911466 5.67829769374 2.59051554926 0.985129593942 1.58259252374 5.31388342623 -0.326173984257 1.28712558649 2.85694829768 340 1
4.56292439621 1.26210837425 6.1443062503 1.00393376555 0.864456483398 2.54312143506 1.98758584627 -0.280255878399 2.36787910625 358 1
4.92874932135 4.50738405141 2.34938397832 -1.46968016013 1.19990235441 -0.33999982963 0.66040663687 0.231843676553 0.98561944293 331 1
3.52410911466 5.67829769374 2.59051554926 0.985129593942 1.58259252374 5.31388342623 -0.326173984257 1.28712558649 2.85694829768 20 0
4.83222966036 1.30251062928 6.17984135308 0.800237549106 0.483792928966 2.97427788372 1.86838311987 0.298421974841 2.23144088676 38 0
4.92874932135 4.50738405141 2.34938397832 -1.46968016013 1.19990235441 -0.33999982963 0.66040663687 0.231843676553 0.98561944293 42 0
3.52410911466 5.67829769374 2.59051554926 0.985129593942 1.58259252374 5.31388342623 -0.326173984257 1.28712558649 2.85694829768 342 1
4.56292439621 1.26210837425 6.1443062503 1.00393376555 0.864456483398 2.54312143506 1.98758584627 -0.280255878399 2.36787910625 347 1
4.92874932135 4.50738405141 2.34938397832 -1.46968016013 1.19990235441 -0.33999982963 0.66040663687 0.231843676553 0.98561944293 314 1
3.52410911466 5.67829769374 2.59051554926 0.985129593942 1.58259252374 5.31388342623 -0.326173984257 1.28712558649 2.85694829768 20 0
4.83222966036 1.30251062928 6.17984135308 0.800237549106 0.483792928966 2.97427788372 1.86838311987 0.298421974841 2.23144088676 37 0
4.92874932135 4.50738405141 2.34938397832 -1.46968016013 1.19990235441 -0.33999982963 0.66040663687 0.231843676553 0.98561944293 29 0
3.52410911466 5.67829769374 2.59051554926 0.985129593942 1.58259252374 5.31388342623 -0.326173984257 1.28712558649 2.85694829768 341 1
4.56292439621 1.26210837425 6.1443062503 1.00393376555 0.864456483398 2.54312143506 1.98758584627 -0.280255878399 2.36787910625 347 1
4.92874932135 4.50738405141 2.34938397832 -1.46968016013 1.19990235441 -0.33999982963 0.66040663687 0.231843676553 0.98561944293 339 1
3.52410911466 5.67829769374 2.59051554926 0.985129593942 1.58259252374 5.31388342623 -0.326173984257 1.28712558649 2.85694829768 41 0
4.83222966036 1.30251062928 6.17984135308 0.800237549106 0.483792928966 2.97427788372 1.86838311987 0.298421974841 2.23144088676 38 0
4.92874932135 4.50738405141 2.34938397832 -1.46968016013 1.19990235441 -0.33999982963 0.66040663687 0.231843676553 0.98561944293 21 0
3.52410911466 5.67829769374 2.59051554926 0.985129593942 1.58259252374 5.31388342623 -0.326173984257 1.28712558649 2.85694829768 348 1
4.56292439621 1.26210837425 6.1443062503 1.00393376555 0.864456483398 2.54312143506 1.98758584627 -0.280255878399 2.36787910625 335 1
4.92874932135 4.50738405141 2.34938397832 -1.46968016013 1.19990235441 -0.33999982963 0.66040663687 0.231843676553 0.98561944293 332 1
3.52410911466 5.67829769374 2.59051554926 0.985129593942 1.58259252374 5.31388342623 -0.326173984257 1.28712558649 2.85694829768 20 0
4.83222966036 1.30251062928 6.17984135308 0.800237549106 0.483792928966 2.97427788372 1.86838311987 0.298421974841 2.23144088676 47 0
4.92874932135 4.50738405141 2.34938397832 -1.46968016013 1.19990235441 -0.33999982963 0.66040663687 0.231843676553 0.98561944293 36 0
3.52410911466 5.67829769374 2.59051554926 0.985129593942 1.58259252374 5.31388342623 -0.326173984257 1.28712558649 2.85694829768 337 1
4.56292439621 1.26210837425 6.1443062503 1.00393376555 0.864456483398 2.54312143506 1.98758584627 -0.280255878399 2.36787910625 352 1
4.92874932135 4.50738405141 2.34938397832 -1.46968016013 1.19990235441 -0.33999982963 0.66040663687 0.231843676553 0.98561944293 320 1
3.52410911466 5.67829769374 2.59051554926 0.985129593942 1.58259252374 5.31388342623 -0.326173984257 1.28712558649 2.85694829768 38 0
4.83222966036 1.30251062928 6.17984135308 0.800237549106 0.483792928966 2.97427788372 1.86838311987 0.298421974841 2.23144088676 26 0
4.92874932135 4.50738405141 2.34938397832 -1.46968016013 1.19990235441 -0.33999982963 0.66040663687 0.231843676553 0.98561944293 28 0
3.52410911466 5.67829769374 2.59051554926 0.985129593942 1.58259252374 5.31388342623 -0.326173984257 1.28712558649 2.85694829768 345 1
4.56292439621 1.26210837425 6.1443062503 1.00393376555 0.864456483398 2.54312143506 1.98758584627 -0.280255878399 2.36787910625 326 1
4.92874932135 4.50738405141 2.34938397832 -1.46968016013 1.19990235441 -0.33999982963 0.66040663687 0.231843676553 0.98561944293 338 1
3.52410911466 5.67829769374 2.59051554926 0.985129593942 1.58259252374 5.31388342623 -0.326173984257 1.28712558649 2.85694829768 29 0
4.83222966036 1.30251062928 6.17984135308 0.800237549106 0.483792928966 2.97427788372 1.86838311987 0.298421974841 2.23144088676 28 0
4.92874932135 4.50738405141 2.34938397832 -1.46968016013 1.19990235441 -0.33999982963 0.66040663687 0.231843676553 0.98561944293 38 0
3.52410911466 5.67829769374 2.59051554926 0.985129593942 1.58259252374 5.31388342623 -0.326173984257 1.28712558649 2.85694829768 331 1
4.56292439621 1.26210837425 6.1443062503 1.00393376555 0.864456483398 2.54312143506 1.98758584627 -0.280255878399 2.36787910625 349 1
4.92874932135 4.50738405141 2.34938397832 -1.46968016013 1.19990235441 -0.33999982963 0.66040663687 0.231843676553 0.98561944293 339 1
3.52410911466 5.67829769374 2.59051554926 0.985129593942 1.58259252374 5.31388342623 -0.326173984257 1.28712558649 2.85694829768 42 0
4.83222966036 1.30251062928 6.17984135308 0.800237549106 0.483792928966 2.97427788372 1.86838311987 0.298421974841 2.23144088676 32 0
4.92874932135 4.50738405141 2.34938397832 -1.46968016013 1.19990235441 -0.33999982963 0.66040663687 0.231843676553 0.98561944293 26 0
3.52410911466 5.67829769374 2.59051554926 0.985129593942 1.58259252374 5.31388342623 -0.326173984257 1.28712558649 2.85694829768 347 1
4.56292439621 1.26210837425 6.1443062503 1.00393376555 0.864456483398 2.54312143506 1.98758584627 -0.280255878399 2.36787910625 343 1
4.92874932135 4.50738405141 2.34938397832 -1.46968016013 1.19990235441 -0.33999982963 0.66040663687 0.231843676553 0.98561944293 321 1
3.52410911466 5.67829769374 2.59051554926 0.985129593942 1.58259252374 5.31388342623 -0.326173984257 1.28712558649 2.85694829768 36 0
4.83222966036 1.30251062928 6.17984135308 0.800237549106 0.483792928966 2.97427788372 1.86838311987 0.298421974841 2.23144088676 19 0
4.92874932135 4.50738405141 2.34938397832 -1.46968016013 1.19990235441 -0.33999982963 0.66040663687 0.231843676553 0.98561944293 17 0
3.52410911466 5.67829769374 2.59051554926 0.985129593942 1.58259252374 5.31388342623 -0.326173984257 1.28712558649 2.85694829768 339 1
4.56292439621 1.26210837425 6.1443062503 1.00393376555 0.864456483398 2.54312143506 1.98758584627 -0.280255878399 2.36787910625 361 1
4.92874932135 4.50738405141 2.34938397832 -1.46968016013 1.19990235441 -0.33999982963 0.66040663687 0.231843676553 0.98561944293 339 1
3.52410911466 5.67829769374 2.59051554926 0.985129593942 1.58259252374 5.31388342623 -0.326173984257 1.28712558649 2.85694829768 19 0
4.83222966036 1.30251062928 6.17984135308 0.800237549106 0.483792928966 2.97427788372 1.86838311987 0.298421974841 2.23144088676 34 0
4.92874932135 4.50738405141 2.34938397832 -1.46968016013 1.19990235441 -0.33999982963 0.66040663687 0.231843676553 0.98561944293 14 0
3.52410911466 5.67829769374 2.59051554926 0.985129593942 1.58259252374 5.31388342623 -0.326173984257 1.28712558649 2.85694829768 337 1
4.56292439621 1.26210837425 6.1443062503 1.00393376555 0.864456483398 2.54312143506 1.98758584627 -0.280255878399 2.36787910625 357 1
4.92874932135 4.50738405141 2.34938397832 -1.46968016013 1.19990235441 -0.33999982963 0.66040663687 0.231843676553 0.98561944293 351 1
3.52410911466 5.67829769374 2.59051554926 0.985129593942 1.58259252374 5.31388342623 -0.326173984257 1.28712558649 2.85694829768 21 0
4.83222966036 1.30251062928 6.17984135308 0.800237549106 0.483792928966 2.97427788372 1.86838311987 0.298421974841 2.23144088676 25 0
4.92874932135 4.50738405141 2.34938397832 -1.46968016013 1.19990235441 -0.33999982963 0.66040663687 0.231843676553 0.98561944293 47 0
3.52410911466 5.67829769374 2.59051554926 0.985129593942 1.58259252374 5.31388342623 -0.326173984257 1.28712558649 2.85694829768 338 1
4.56292439621 1.26210837425 6.1443062503 1.00393376555 0.864456483398 2.54312143506 1.98758584627 -0.280255878399 2.36787910625 342 1
4.92874932135 4.50738405141 2.34938397832 -1.46968016013 1.19990235441 -0.33999982963 0.66040663687 0.231843676553 0.98561944293 344 1
3.52410911466 5.67829769374 2.59051554926 0.985129593942 1.58259252374 5.31388342623 -0.326173984257 1.28712558649 2.85694829768 28 0
4.83222966036 1.30251062928 6.17984135308 0.800237549106 0.483792928966 2.97427788372 1.86838311987 0.298421974841 2.23144088676 31 0
4.92874932135 4.50738405141 2.34938397832 -1.46968016013 1.19990235441 -0.33999982963 0.66040663687 0.231843676553 0.98561944293 44 0
3.52410911466 5.67829769374 2.59051554926 0.985129593942 1.58259252374 5.31388342623 -0.326173984257 1.28712558649 2.85694829768 325 1
4.56292439621 1.26210837425 6.1443062503 1.00393376555 0.864456483398 2.54312143506 1.98758584627 -0.280255878399 2.36787910625 342 1
4.92874932135 4.50738405141 2.34938397832 -1.46968016013 1.19990235441 -0.33999982963 0.66040663687 0.231843676553 0.98561944293 346 1
3.52410911466 5.67829769374 2.59051554926 0.985129593942 1.58259252374 5.31388342623 -0.326173984257 1.28712558649 2.85694829768 338 1
4.83222966036 1.30251062928 6.17984135308 0.800237549106 0.483792928966 2.97427788372 1.86838311987 0.298421974841 2.23144088676 339 1
4.92874932135 4.50738405141 2.34938397832 -1.46968016013 1.19990235441 -0.33999982963 0.66040663687 0.231843676553 0.98561944293 340 1
3.52410911466 5.67829769374 2.59051554926 0.985129593942 1.58259252374 5.31388342623 -0.326173984257 1.28712558649 2.85694829768 24 0
4.56292439621 1.26210837425 6.1443062503 1.00393376555 0.864456483398 2.54312143506 1.98758584627 -0.280255878399 2.36787910625 40 0
4.92874932135 4.50738405141 2.34938397832 -1.46968016013 1.19990235441 -0.33999982963 0.66040663687 0.231843676553 0.98561944293 24 0
3.52410911466 5.67829769374 2.59051554926 0.985129593942 1.58259252374 5.31388342623 -0.326173984257 1.28712558649 2.85694829768 29 0
4.83222966036 1.30251062928 6.17984135308 0.800237549106 0.483792928966 2.97427788372 1.86838311987 0.298421974841 2.23144088676 33 0
4.92874932135 4.50738405141 2.34938397832 -1.46968016013 1.19990235441 -0.33999982963 0.66040663687 0.231843676553 0.98561944293 28 0
3.52410911466 5.67829769374 2.59051554926 0.985129593942 1.58259252374 5.31388342623 -0.326173984257 1.28712558649 2.85694829768 340 1
4.56292439621 1.26210837425 6.1443062503 1.00393376555 0.864456483398 2.54312143506 1.98758584627 -0.280255878399 2.36787910625 333 1
4.92874932135 4.50738405141 2.34938397832 -1.46968016013 1.19990235441 -0.33999982963 0.66040663687 0.231843676553 0.98561944293 333 1
3.52410911466 5.67829769374 2.59051554926 0.985129593942 1.58259252374 5.31388342623 -0.326173984257 1.28712558649 2.85694829768 334 1
4.83222966036 1.30251062928 6.17984135308 0.800237549106 0.483792928966 2.97427788372 1.86838311987 0.298421974841 2.23144088676 353 1
4.92874932135 4.50738405141 2.34938397832 -1.46968016013 1.19990235441 -0.33999982963 0.66040663687 0.231843676553 0.98561944293 326 1
3.52410911466 5.67829769374 2.59051554926 0.985129593942 1.58259252374 5.31388342623 -0.326173984257 1.28712558649 2.85694829768 25 0
4.56292439621 1.26210837425 6.1443062503 1.00393376555 0.864456483398 2.54312143506 1.98758584627 -0.280255878399 2.36787910625 42 0
4.92874932135 4.50738405141 2.34938397832 -1.46968016013 1.19990235441 -0.33999982963 0.66040663687 0.231843676553 0.98561944293 30 0
3.52410911466 5.67829769374 2.59051554926 0.985129593942 1.58259252374 5.31388342623 -0.326173984257 1.28712558649 2.85694829768 24 0
4.83222966036 1.30251062928 6.17984135308 0.800237549106 0.483792928966 2.97427788372 1.86838311987 0.298421974841 2.23144088676 17 0
4.92874932135 4.50738405141 2.34938397832 -1.46968016013 1.19990235441 -0.33999982963 0.66040663687 0.231843676553 0.98561944293 28 0
3.52410911466 5.67829769374 2.59051554926 0.985129593942 1.58259252374 5.31388342623 -0.326173984257 1.28712558649 2.85694829768 344 1
4.56292439621 1.26210837425 6.1443062503 1.00393376555 0.864456483398 2.54312143506 1.98758584627 -0.280255878399 2.36787910625 366 1
4.92874932135 4.50738405141 2.34938397832 -1.46968016013 1.19990235441 -0.33999982963 0.66040663687 0.231843676553 0.98561944293 340 1
3.52410911466 5.67829769374 2.59051554926 0.985129593942 1.58259252374 5.31388342623 -0.326173984257 1.28712558649 2.85694829768 347 1
4.56292439621 1.26210837425 6.1443062503 1.00393376555 0.864456483398 2.54312143506 1.98758584627 -0.280255878399 2.36787910625 343 1
4.92874932135 4.50738405141 2.34938397832 -1.46968016013 1.19990235441 -0.33999982963 0.66040663687 0.231843676553 0.98561944293 338 1
3.52410911466 5.67829769374 2.59051554926 0.985129593942 1.58259252374 5.31388342623 -0.326173984257 1.28712558649 2.85694829768 14 0
4.83222966036 1.30251062928 6.17984135308 0.800237549106 0.483792928966 2.97427788372 1.86838311987 0.298421974841 2.23144088676 39 0
4.92874932135 4.50738405141 2.34938397832 -1.46968016013 1.19990235441 -0.33999982963 0.66040663687 0.231843676553 0.98561944293 29 0
3.52410911466 5.67829769374 2.59051554926 0.985129593942 1.58259252374 5.31388342623 -0.326173984257 1.28712558649 2.85694829768 323 1
4.56292439621 1.26210837425 6.1443062503 1.00393376555 0.864456483398 2.54312143506 1.98758584627 -0.280255878399 2.36787910625 357 1
4.92874932135 4.50738405141 2.34938397832 -1.46968016013 1.19990235441 -0.33999982963 0.66040663687 0.231843676553 0.98561944293 337 1
3.52410911466 5.67829769374 2.59051554926 0.985129593942 1.58259252374 5.31388342623 -0.326173984257 1.28712558649 2.85694829768 12 0
4.83222966036 1.30251062928 6.17984135308 0.800237549106 0.483792928966 2.97427788372 1.86838311987 0.298421974841 2.23144088676 27 0
4.92874932135 4.50738405141 2.34938397832 -1.46968016013 1.19990235441 -0.33999982963 0.66040663687 0.231843676553 0.98561944293 45 0
3.52410911466 5.67829769374 2.59051554926 0.985129593942 1.58259252374 5.31388342623 -0.326173984257 1.28712558649 2.85694829768 340 1
4.56292439621 1.26210837425 6.1443062503 1.00393376555 0.864456483398 2.54312143506 1.98758584627 -0.280255878399 2.36787910625 346 1
4.92874932135 4.50738405141 2.34938397832 -1.46968016013 1.19990235441 -0.33999982963 0.66040663687 0.231843676553 0.98561944293 322 1
3.52410911466 5.67829769374 2.59051554926 0.985129593942 1.58259252374 5.31388342623 -0.326173984257 1.28712558649 2.85694829768 28 0
4.83222966036 1.30251062928 6.17984135308 0.800237549106 0.483792928966 2.97427788372 1.86838311987 0.298421974841 2.23144088676 26 0
4.92874932135 4.50738405141 2.34938397832 -1.46968016013 1.19990235441 -0.33999982963 0.66040663687 0.231843676553 0.98561944293 49 0
3.52410911466 5.67829769374 2.59051554926 0.985129593942 1.58259252374 5.31388342623 -0.326173984257 1.28712558649 2.85694829768 39 0
4.56292439621 1.26210837425 6.1443062503 1.00393376555 0.864456483398 2.54312143506 1.98758584627 -0.280255878399 2.36787910625 43 0
4.92874932135 4.50738405141 2.34938397832 -1.46968016013 1.19990235441 -0.33999982963 0.66040663687 0.231843676553 0.98561944293 9 0
3.52410911466 5.67829769374 2.59051554926 0.985129593942 1.58259252374 5.31388342623 -0.326173984257 1.28712558649 2.85694829768 332 1
4.83222966036 1.30251062928 6.17984135308 0.800237549106 0.483792928966 2.97427788372 1.86838311987 0.298421974841 2.23144088676 332 1
4.92874932135 4.50738405141 2.34938397832 -1.46968016013 1.19990235441 -0.33999982963 0.66040663687 0.231843676553 0.98561944293 336 1
3.52410911466 5.67829769374 2.59051554926 0.985129593942 1.58259252374 5.31388342623 -0.326173984257 1.28712558649 2.85694829768 339 1
4.56292439621 1.26210837425 6.1443062503 1.00393376555 0.864456483398 2.54312143506 1.98758584627 -0.280255878399 2.36787910625 357 1
4.92874932135 4.50738405141 2.34938397832 -1.46968016013 1.19990235441 -0.33999982963 0.66040663687 0.231843676553 0.98561944293 336 1
3.52410911466 5.67829769374 2.59051554926 0.985129593942 1.58259252374 5.31388342623 -0.326173984257 1.28712558649 2.85694829768 15 0
4.83222966036 1.30251062928 6.17984135308 0.800237549106 0.483792928966 2.97427788372 1.86838311987 0.298421974841 2.23144088676 30 0
4.92874932135 4.50738405141 2.34938397832 -1.46968016013 1.19990235441 -0.33999982963 0.66040663687 0.231843676553 0.98561944293 37 0
3.52410911466 5.67829769374 2.59051554926 0.985129593942 1.58259252374 5.31388342623 -0.326173984257 1.28712558649 2.85694829768 342 1
4.56292439621 1.26210837425 6.1443062503 1.00393376555 0.864456483398 2.54312143506 1.98758584627 -0.280255878399 2.36787910625 333 1
4.92874932135 4.50738405141 2.34938397832 -1.46968016013 1.19990235441 -0.33999982963 0.66040663687 0.231843676553 0.98561944293 342 1
3.52410911466 5.67829769374 2.59051554926 0.985129593942 1.58259252374 5.31388342623 -0.326173984257 1.28712558649 2.85694829768 47 0
4.83222966036 1.30251062928 6.17984135308 0.800237549106 0.483792928966 2.97427788372 1.86838311987 0.298421974841 2.23144088676 34 0
4.92874932135 4.50738405141 2.34938397832 -1.46968016013 1.19990235441 -0.33999982963 0.66040663687 0.231843676553 0.98561944293 15 0
3.52410911466 5.67829769374 2.59051554926 0.985129593942 1.58259252374 5.31388342623 -0.326173984257 1.28712558649 2.85694829768 336 1
4.56292439621 1.26210837425 6.1443062503 1.00393376555 0.864456483398 2.54312143506 1.98758584627 -0.280255878399 2.36787910625 336 1
4.92874932135 4.50738405141 2.34938397832 -1.46968016013 1.19990235441 -0.33999982963 0.66040663687 0.231843676553 0.98561944293 346 1
3.52410911466 5.67829769374 2.59051554926 0.985129593942 1.58259252374 5.31388342623 -0.326173984257 1.28712558649 2.85694829768 27 0
4.83222966036 1.30251062928 6.17984135308 0.800237549106 0.483792928966 2.97427788372 1.86838311987 0.298421974841 2.23144088676 36 0
4.92874932135 4.50738405141 2.34938397832 -1.46968016013 1.19990235441 -0.33999982963 0.66040663687 0.231843676553 0.98561944293 35 0
3.52410911466 5.67829769374 2.59051554926 0.985129593942 1.58259252374 5.31388342623 -0.326173984257 1.28712558649 2.85694829768 333 1
4.56292439621 1.26210837425 6.1443062503 1.00393376555 0.864456483398 2.54312143506 1.98758584627 -0.280255878399 2.36787910625 355 1
4.92874932135 4.50738405141 2.34938397832 -1.46968016013 1.19990235441 -0.33999982963 0.66040663687 0.231843676553 0.98561944293 334 1
3.52410911466 5.67829769374 2.59051554926 0.985129593942 1.58259252374 5.31388342623 -0.326173984257 1.28712558649 2.85694829768 27 0
4.83222966036 1.30251062928 6.17984135308 0.800237549106 0.483792928966 2.97427788372 1.86838311987 0.298421974841 2.23144088676 38 0
4.92874932135 4.50738405141 2.34938397832 -1.46968016013 1.19990235441 -0.33999982963 0.66040663687 0.231843676553 0.98561944293 30 0
3.52410911466 5.67829769374 2.59051554926 0.985129593942 1.58259252374 5.31388342623 -0.326173984257 1.28712558649 2.85694829768 23 0
4.56292439621 1.26210837425 6.1443062503 1.00393376555 0.864456483398 2.54312143506 1.98758584627 -0.280255878399 2.36787910625 48 0
4.92874932135 4.50738405141 2.34938397832 -1.46968016013 1.19990235441 -0.33999982963 0.66040663687 0.231843676553 0.98561944293 25 0
3.52410911466 5.67829769374 2.59051554926 0.985129593942 1.58259252374 5.31388342623 -0.326173984257 1.28712558649 2.85694829768 338 1
4.83222966036 1.30251062928 6.17984135308 0.800237549106 0.483792928966 2.97427788372 1.86838311987 0.298421974841 2.23144088676 359 1
4.92874932135 4.50738405141 2.34938397832 -1.46968016013 1.19990235441 -0.33999982963 0.66040663687 0.231843676553 0.98561944293 317 1
3.52410911466 5.67829769374 2.59051554926 0.985129593942 1.58259252374 5.31388342623 -0.326173984257 1.28712558649 2.85694829768 333 1
4.56292439621 1.26210837425 6.1443062503 1.00393376555 0.864456483398 2.54312143506 1.98758584627 -0.280255878399 2.36787910625 359 1
4.92874932135 4.50738405141 2.34938397832 -1.46968016013 1.19990235441 -0.33999982963 0.66040663687 0.231843676553 0.98561944293 352 1
3.52410911466 5.67829769374 2.59051554926 0.985129593942 1.58259252374 5.31388342623 -0.326173984257 1.28712558649 2.85694829768 16 0
4.83222966036 1.30251062928 6.17984135308 0.800237549106 0.483792928966 2.97427788372 1.86838311987 0.298421974841 2.23144088676 17 0
4.92874932135 4.50738405141 2.34938397832 -1.46968016013 1.19990235441 -0.33999982963 0.66040663687 0.231843676553 0.98561944293 44 0
3.52410911466 5.67829769374 2.59051554926 0.985129593942 1.58259252374 5.31388342623 -0.326173984257 1.28712558649 2.85694829768 348 1
4.56292439621 1.26210837425 6.1443062503 1.00393376555 0.864456483398 2.54312143506 1.98758584627 -0.280255878399 2.36787910625 344 1
4.92874932135 4.50738405141 2.34938397832 -1.46968016013 1.19990235441 -0.33999982963 0.66040663687 0.231843676553 0.98561944293 321 1
3.52410911466 5.67829769374 2.59051554926 0.985129593942 1.58259252374 5.31388342623 -0.326173984257 1.28712558649 2.85694829768 35 0
4.83222966036 1.30251062928 6.17984135308 0.800237549106 0.483792928966 2.97427788372 1.86838311987 0.298421974841 2.23144088676 20 0
4.92874932135 4.50738405141 2.34938397832 -1.46968016013 1.19990235441 -0.33999982963 0.66040663687 0.231843676553 0.98561944293 41 0
3.52410911466 5.67829769374 2.59051554926 0.985129593942 1.58259252374 5.31388342623 -0.326173984257 1.28712558649 2.85694829768 31 0
4.56292439621 1.26210837425 6.1443062503 1.00393376555 0.864456483398 2.54312143506 1.98758584627 -0.280255878399 2.36787910625 48 0
4.92874932135 4.50738405141 2.34938397832 -1.46968016013 1.19990235441 -0.33999982963 0.66040663687 0.231843676553 0.98561944293 22 0
3.52410911466 5.67829769374 2.59051554926 0.985129593942 1.58259252374 5.31388342623 -0.326173984257 1.28712558649 2.85694829768 337 1
4.83222966036 1.30251062928 6.17984135308 0.800237549106 0.483792928966 2.97427788372 1.86838311987 0.298421974841 2.23144088676 335 1
4.92874932135 4.50738405141 2.34938397832 -1.46968016013 1.19990235441 -0.33999982963 0.66040663687 0.231843676553 0.98561944293 336 1
3.52410911466 5.67829769374 2.59051554926 0.985129593942 1.58259252374 5.31388342623 -0.326173984257 1.28712558649 2.85694829768 25 0
4.56292439621 1.26210837425 6.1443062503 1.00393376555 0.864456483398 2.54312143506 1.98758584627 -0.280255878399 2.36787910625 49 0
4.92874932135 4.50738405141 2.34938397832 -1.46968016013 1.19990235441 -0.33999982963 0.66040663687 0.231843676553 0.98561944293 26 0
3.52410911466 5.67829769374 2.59051554926 0.985129593942 1.58259252374 5.31388342623 -0.326173984257 1.28712558649 2.85694829768 341 1
4.83222966036 1.30251062928 6.17984135308 0.800237549106 0.483792928966 2.97427788372 1.86838311987 0.298421974841 2.23144088676 343 1
4.92874932135 4.50738405141 2.34938397832 -1.46968016013 1.19990235441 -0.33999982963 0.66040663687 0.231843676553 0.98561944293 330 1
3.52410911466 5.67829769374 2.59051554926 0.985129593942 1.58259252374 5.31388342623 -0.326173984257 1.28712558649 2.85694829768 334 1
4.56292439621 1.26210837425 6.1443062503 1.00393376555 0.864456483398 2.54312143506 1.98758584627 -0.280255878399 2.36787910625 364 1
4.92874932135 4.50738405141 2.34938397832 -1.46968016013 1.19990235441 -0.33999982963 0.66040663687 0.231843676553 0.98561944293 340 1
3.52410911466 5.67829769374 2.59051554926 0.985129593942 1.58259252374 5.31388342623 -0.326173984257 1.28712558649 2.85694829768 23 0
4.83222966036 1.30251062928 6.17984135308 0.800237549106 0.483792928966 2.97427788372 1.86838311987 0.298421974841 2.23144088676 29 0
4.92874932135 4.50738405141 2.34938397832 -1.46968016013 1.19990235441 -0.33999982963 0.66040663687 0.231843676553 0.98561944293 18 0
3.52410911466 5.67829769374 2.59051554926 0.985129593942 1.58259252374 5.31388342623 -0.326173984257 1.28712558649 2.85694829768 321 1
4.56292439621 1.26210837425 6.1443062503 1.00393376555 0.864456483398 2.54312143506 1.98758584627 -0.280255878399 2.36787910625 352 1
4.92874932135 4.50738405141 2.34938397832 -1.46968016013 1.19990235441 -0.33999982963 0.66040663687 0.231843676553 0.98561944293 336 1
3.52410911466 5.67829769374 2.59051554926 0.985129593942 1.58259252374 5.31388342623 -0.326173984257 1.28712558649 2.85694829768 23 0
4.83222966036 1.30251062928 6.17984135308 0.800237549106 0.483792928966 2.97427788372 1.86838311987 0.298421974841 2.23144088676 53 0
4.92874932135 4.50738405141 2.34938397832 -1.46968016013 1.19990235441 -0.33999982963 0.66040663687 0.231843676553 0.98561944293 25 0
3.52410911466 5.67829769374 2.59051554926 0.985129593942 1.58259252374 5.31388342623 -0.326173984257 1.28712558649 2.85694829768 336 1
4.56292439621 1.26210837425 6.1443062503 1.00393376555 0.864456483398 2.54312143506 1.98758584627 -0.280255878399 2.36787910625 351 1
4.92874932135 4.50738405141 2.34938397832 -1.46968016013 1.19990235441 -0.33999982963 0.66040663687 0.231843676553 0.98561944293 342 1
3.52410911466 5.67829769374 2.59051554926 0.985129593942 1.58259252374 5.31388342623 -0.326173984257 1.28712558649 2.85694829768 21 0
4.83222966036 1.30251062928 6.17984135308 0.800237549106 0.483792928966 2.97427788372 1.86838311987 0.298421974841 2.23144088676 33 0
4.92874932135 4.50738405141 2.34938397832 -1.46968016013 1.19990235441 -0.33999982963 0.66040663687 0.231843676553 0.98561944293 36 0
3.52410911466 5.67829769374 2.59051554926 0.985129593942 1.58259252374 5.31388342623 -0.326173984257 1.28712558649 2.85694829768 341 1
4.56292439621 1.26210837425 6.1443062503 1.00393376555 0.864456483398 2.54312143506 1.98758584627 -0.280255878399 2.36787910625 338 1
4.92874932135 4.50738405141 2.34938397832 -1.46968016013 1.19990235441 -0.33999982963 0.66040663687 0.231843676553 0.98561944293 354 1
3.52410911466 5.67829769374 2.59051554926 0.985129593942 1.58259252374 5.31388342623 -0.326173984257 1.28712558649 2.85694829768 26 0
4.83222966036 1.30251062928 6.17984135308 0.800237549106 0.483792928966 2.97427788372 1.86838311987 0.298421974841 2.23144088676 32 0
4.92874932135 4.50738405141 2.34938397832 -1.46968016013 1.19990235441 -0.33999982963 0.66040663687 0.231843676553 0.98561944293 25 0
3.52410911466 5.67829769374 2.59051554926 0.985129593942 1.58259252374 5.31388342623 -0.326173984257 1.28712558649 2.85694829768 344 1
4.56292439621 1.26210837425 6.1443062503 1.00393376555 0.864456483398 2.54312143506 1.98758584627 -0.280255878399 2.36787910625 351 1
4.92874932135 4.50738405141 2.34938397832 -1.46968016013 1.19990235441 -0.33999982963 0.66040663687 0.231843676553 0.98561944293 340 1
3.52410911466 5.67829769374 2.59051554926 0.985129593942 1.58259252374 5.31388342623 -0.326173984257 1.28712558649 2.85694829768 26 0
4.83222966036 1.30251062928 6.17984135308 0.800237549106 0.483792928966 2.97427788372 1.86838311987 0.298421974841 2.23144088676 43 0
4.92874932135 4.50738405141 2.34938397832 -1.46968016013 1.19990235441 -0.33999982963 0.66040663687 0.231843676553 0.98561944293 13 0
3.52410911466 5.67829769374 2.59051554926 0.985129593942 1.58259252374 5.31388342623 -0.326173984257 1.28712558649 2.85694829768 32 0
4.56292439621 1.26210837425 6.1443062503 1.00393376555 0.864456483398 2.54312143506 1.98758584627 -0.280255878399 2.36787910625 41 0
4.92874932135 4.50738405141 2.34938397832 -1.46968016013 1.19990235441 -0.33999982963 0.66040663687 0.231843676553 0.98561944293 32 0
3.52410911466 5.67829769374 2.59051554926 0.985129593942 1.58259252374 5.31388342623 -0.326173984257 1.28712558649 2.85694829768 330 1
4.83222966036 1.30251062928 6.17984135308 0.800237549106 0.483792928966 2.97427788372 1.86838311987 0.298421974841 2.23144088676 340 1
4.92874932135 4.50738405141 2.34938397832 -1.46968016013 1.19990235441 -0.33999982963 0.66040663687 0.231843676553 0.98561944293 340 1
3.52410911466 5.67829769374 2.59051554926 0.985129593942 1.58259252374 5.31388342623 -0.326173984257 1.28712558649 2.85694829768 341 1
4.56292439621 1.26210837425 6.1443062503 1.00393376555 0.864456483398 2.54312143506 1.98758584627 -0.280255878399 2.36787910625 337 1
4.92874932135 4.50738405141 2.34938397832 -1.46968016013 1.19990235441 -0.33999982963 0.66040663687 0.231843676553 0.98561944293 337 1
3.52410911466 5.67829769374 2.59051554926 0.985129593942 1.58259252374 5.31388342623 -0.326173984257 1.28712558649 2.85694829768 28 0
4.83222966036 1.30251062928 6.17984135308 0.800237549106 0.483792928966 2.97427788372 1.86838311987 0.298421974841 2.23144088676 38 0
4.92874932135 4.50738405141 2.34938397832 -1.46968016013 1.19990235441 -0.33999982963 0.66040663687 0.231843676553 0.98561944293 21 0
3.52410911466 5.67829769374 2.59051554926 0.985129593942 1.58259252374 5.31388342623 -0.326173984257 1.28712558649 2.85694829768 25 0
4.88651257628 1.36515738887 5.78810288997 0.691117612922 0.382286588708 2.85457266776 1.64626411751 0.266453681258 2.37616216077 26 0
4.92874932135 4.50738405141 2.34938397832 -1.46968016013 1.19990235441 -0.33999982963 0.66040663687 0.231843676553 0.98561944293 32 0
3.52410911466 5.67829769374 2.59051554926 0.985129593942 1.58259252374 5.31388342623 -0.326173984257 1.28712558649 2.85694829768 330 1
4.56292439621 1.26210837425 6.1443062503 1.00393376555 0.864456483398 2.54312143506 1.98758584627 -0.280255878399 2.36787910625 340 1
4.92874932135 4.50738405141 2.34938397832 -1.46968016013 1.19990235441 -0.33999982963 0.66040663687 0.231843676553 0.98561944293 353 1
3.52410911466 5.67829769374 2.59051554926 0.985129593942 1.58259252374 5.31388342623 -0.326173984257 1.28712558649 2.85694829768 23 0
4.88651257628 1.36515738887 5.78810288997 0.691117612922 0.382286588708 2.85457266776 1.64626411751 0.266453681258 2.37616216077 34 0
4.92874932135 4.50738405141 2.34938397832 -1.46968016013 1.19990235441 -0.33999982963 0.66040663687 0.231843676553 0.98561944293 41 0
3.52410911466 5.67829769374 2.59051554926 0.985129593942 1.58259252374 5.31388342623 -0.326173984257 1.28712558649 2.85694829768 331 1
4.56292439621 1.26210837425 6.1443062503 1.00393376555 0.864456483398 2.54312143506 1.98758584627 -0.280255878399 2.36787910625 358 1
4.92874932135 4.50738405141 2.34938397832 -1.46968016013 1.19990235441 -0.33999982963 0.66040663687 0.231843676553 0.98561944293 325 1
3.52410911466 5.67829769374 2.59051554926 0.985129593942 1.58259252374 5.31388342623 -0.326173984257 1.28712558649 2.85694829768 28 0
4.88651257628 1.36515738887 5.78810288997 0.691117612922 0.382286588708 2.85457266776 1.64626411751 0.266453681258 2.37616216077 38 0
4.92874932135 4.50738405141 2.34938397832 -1.46968016013 1.19990235441 -0.33999982963 0.66040663687 0.231843676553 0.98561944293 20 0
3.52410911466 5.67829769374 2.59051554926 0.985129593942 1.58259252374 5.31388342623 -0.326173984257 1.28712558649 2.85694829768 328 1
4.56292439621 1.26210837425 6.1443062503 1.00393376555 0.864456483398 2.54312143506 1.98758584627 -0.280255878399 2.36787910625 343 1
4.92874932135 4.50738405141 2.34938397832 -1.46968016013 1.19990235441 -0.33999982963 0.66040663687 0.231843676553 0.98561944293 347 1
