1 1 100000 1 1
1 1 100000 1 2
1 1 100000 1 3
1 1 100000 5 1
1 1 100000 5 2
1 1 100000 5 3
1 1 100000 10 1
1 1 100000 10 2
1 1 100000 10 3
1 2 100000 1 1
1 2 100000 1 2
1 2 100000 1 3
1 2 100000 5 1
1 2 100000 5 2
1 2 100000 5 3
1 2 100000 10 1
1 2 100000 10 2
1 2 100000 10 3
1 3 100000 1 1
1 3 100000 1 2
1 3 100000 1 3
1 3 100000 5 1
1 3 100000 5 2
1 3 100000 5 3
1 3 100000 10 1
1 3 100000 10 2
1 3 100000 10 3
1 4 100000 1 1
1 4 100000 1 2
1 4 100000 1 3
1 4 100000 5 1
1 4 100000 5 2
1 4 100000 5 3
1 4 100000 10 1
1 4 100000 10 2
1 4 100000 10 3
1 5 100000 1 1
1 5 100000 1 2
1 5 100000 1 3
1 5 100000 5 1
1 5 100000 5 2
1 5 100000 5 3
1 5 100000 10 1
1 5 100000 10 2
1 5 100000 10 3
2 1 100000 1 1
2 1 100000 1 2
2 1 100000 1 3
2 1 100000 5 1
2 1 100000 5 2
2 1 100000 5 3
2 1 100000 10 1
2 1 100000 10 2
2 1 100000 10 3
2 2 100000 1 1
2 2 100000 1 2
2 2 100000 1 3
2 2 100000 5 1
2 2 100000 5 2
2 2 100000 5 3
2 2 100000 10 1
2 2 100000 10 2
2 2 100000 10 3
2 3 100000 1 1
2 3 100000 1 2
2 3 100000 1 3
2 3 100000 5 1
2 3 100000 5 2
2 3 100000 5 3
2 3 100000 10 1
2 3 100000 10 2
2 3 100000 10 3
2 4 100000 1 1
2 4 100000 1 2
2 4 100000 1 3
2 4 100000 5 1
2 4 100000 5 2
2 4 100000 5 3
2 4 100000 10 1
2 4 100000 10 2
2 4 100000 10 3
2 5 100000 1 1
2 5 100000 1 2
2 5 100000 1 3
2 5 100000 5 1
2 5 100000 5 2
2 5 100000 5 3
2 5 100000 10 1
2 5 100000 10 2
2 5 100000 10 3
3 1 100000 1 1
3 1 100000 1 2
3 1 100000 1 3
3 1 100000 5 1
3 1 100000 5 2
3 1 100000 5 3
3 1 100000 10 1
3 1 100000 10 2
3 1 100000 10 3
3 2 100000 1 1
3 2 100000 1 2
3 2 100000 1 3
3 2 100000 5 1
3 2 100000 5 2
3 2 100000 5 3
3 2 100000 10 1
3 2 100000 10 2
3 2 100000 10 3
3 3 100000 1 1
3 3 100000 1 2
3 3 100000 1 3
3 3 100000 5 1
3 3 100000 5 2
3 3 100000 5 3
3 3 100000 10 1
3 3 100000 10 2
3 3 100000 10 3
3 4 100000 1 1
3 4 100000 1 2
3 4 100000 1 3
3 4 100000 5 1
3 4 100000 5 2
3 4 100000 5 3
3 4 100000 10 1
3 4 100000 10 2
3 4 100000 10 3
3 5 100000 1 1
3 5 100000 1 2
3 5 100000 1 3
3 5 100000 5 1
3 5 100000 5 2
3 5 100000 5 3
3 5 100000 10 1
3 5 100000 10 2
3 5 100000 10 3
4 1 100000 1 1
4 1 100000 1 2
4 1 100000 1 3
4 1 100000 5 1
4 1 100000 5 2
4 1 100000 5 3
4 1 100000 10 1
4 1 100000 10 2
4 1 100000 10 3
4 2 100000 1 1
4 2 100000 1 2
4 2 100000 1 3
4 2 100000 5 1
4 2 100000 5 2
4 2 100000 5 3
4 2 100000 10 1
4 2 100000 10 2
4 2 100000 10 3
4 3 100000 1 1
4 3 100000 1 2
4 3 100000 1 3
4 3 100000 5 1
4 3 100000 5 2
4 3 100000 5 3
4 3 100000 10 1
4 3 100000 10 2
4 3 100000 10 3
4 4 100000 1 1
4 4 100000 1 2
4 4 100000 1 3
4 4 100000 5 1
4 4 100000 5 2
4 4 100000 5 3
4 4 100000 10 1
4 4 100000 10 2
4 4 100000 10 3
4 5 100000 1 1
4 5 100000 1 2
4 5 100000 1 3
4 5 100000 5 1
4 5 100000 5 2
4 5 100000 5 3
4 5 100000 10 1
4 5 100000 10 2
4 5 100000 10 3
5 1 100000 1 1
5 1 100000 1 2
5 1 100000 1 3
5 1 100000 5 1
5 1 100000 5 2
5 1 100000 5 3
5 1 100000 10 1
5 1 100000 10 2
5 1 100000 10 3
5 2 100000 1 1
5 2 100000 1 2
5 2 100000 1 3
5 2 100000 5 1
5 2 100000 5 2
5 2 100000 5 3
5 2 100000 10 1
5 2 100000 10 2
5 2 100000 10 3
5 3 100000 1 1
5 3 100000 1 2
5 3 100000 1 3
5 3 100000 5 1
5 3 100000 5 2
5 3 100000 5 3
5 3 100000 10 1
5 3 100000 10 2
5 3 100000 10 3
5 4 100000 1 1
5 4 100000 1 2
5 4 100000 1 3
5 4 100000 5 1
5 4 100000 5 2
5 4 100000 5 3
5 4 100000 10 1
5 4 100000 10 2
5 4 100000 10 3
5 5 100000 1 1
5 5 100000 1 2
5 5 100000 1 3
5 5 100000 5 1
5 5 100000 5 2
5 5 100000 5 3
5 5 100000 10 1
5 5 100000 10 2
5 5 100000 10 3
